AK400,1341.00,1341.00,1341.00,1341.00,1422.00,1548.00,1668.00,1812.00,1845.00,1611.00,1809.00,1848.00,1938.00,2100.00,1788.00,1836.00,1896.00,1530.00,1746.00,1857.00,2076.00,2181.00,2346.00,2394.00,2394.00,2394.00,2394.00
AK401,1458.00,1458.00,1458.00,1458.00,1551.00,1557.00,1692.00,1971.00,2007.00,1575.00,1968.00,2013.00,2109.00,2268.00,1944.00,2001.00,2070.00,1554.00,1854.00,2025.00,2247.00,2349.00,2511.00,2562.00,2562.00,2562.00,2562.00
AK402,1383.00,1383.00,1383.00,1383.00,1821.00,1827.00,1905.00,1998.00,2142.00,1830.00,1953.00,2157.00,2457.00,2571.00,1926.00,2100.00,2427.00,1824.00,1908.00,2217.00,2553.00,2625.00,2742.00,2799.00,2799.00,2799.00,2799.00
AK403,1569.00,1569.00,1569.00,1569.00,1692.00,1764.00,1851.00,1980.00,2037.00,1809.00,1977.00,2043.00,2157.00,2262.00,1941.00,2025.00,2130.00,1752.00,1908.00,2061.00,2247.00,2313.00,2418.00,2466.00,2466.00,2466.00,2466.00
AK404,1299.00,1299.00,1299.00,1299.00,1551.00,1557.00,1671.00,1800.00,1923.00,1560.00,1797.00,1926.00,2106.00,2265.00,1734.00,1881.00,2067.00,1554.00,1677.00,1947.00,2244.00,2346.00,2511.00,2562.00,2562.00,2562.00,2562.00
AK405,1113.00,1113.00,1113.00,1113.00,1548.00,1554.00,1596.00,1650.00,1779.00,1557.00,1617.00,1797.00,2079.00,2145.00,1608.00,1740.00,2064.00,1551.00,1599.00,1854.00,2136.00,2175.00,2244.00,2289.00,2289.00,2289.00,2289.00
AL001,723.00,723.00,723.00,723.00,783.00,816.00,843.00,909.00,969.00,831.00,906.00,975.00,1071.00,1110.00,870.00,954.00,1062.00,813.00,861.00,993.00,1104.00,1209.00,1221.00,1233.00,1233.00,1233.00,1233.00
AL002,798.00,798.00,798.00,798.00,861.00,906.00,1002.00,1146.00,1278.00,957.00,1113.00,1281.00,1305.00,1380.00,1101.00,1215.00,1302.00,891.00,1065.00,1284.00,1377.00,1476.00,1653.00,1686.00,1686.00,1686.00,1686.00
AL003,888.00,888.00,888.00,888.00,993.00,1137.00,1173.00,1272.00,1368.00,1140.00,1269.00,1377.00,1527.00,1578.00,1212.00,1344.00,1515.00,1044.00,1182.00,1407.00,1572.00,1641.00,1656.00,1686.00,1686.00,1686.00,1686.00
AL004,966.00,966.00,966.00,966.00,1068.00,1125.00,1188.00,1269.00,1290.00,1158.00,1266.00,1293.00,1350.00,1437.00,1251.00,1284.00,1326.00,1116.00,1227.00,1299.00,1425.00,1497.00,1569.00,1602.00,1602.00,1602.00,1602.00
AL005,948.00,948.00,948.00,948.00,1047.00,1104.00,1173.00,1254.00,1260.00,1140.00,1251.00,1263.00,1284.00,1326.00,1245.00,1257.00,1272.00,1095.00,1218.00,1266.00,1320.00,1368.00,1395.00,1422.00,1422.00,1422.00,1422.00
AL006,732.00,732.00,732.00,732.00,852.00,942.00,978.00,1095.00,1209.00,960.00,1041.00,1212.00,1236.00,1338.00,1014.00,1149.00,1233.00,936.00,1002.00,1215.00,1317.00,1413.00,1560.00,1593.00,1593.00,1593.00,1593.00
AL007,915.00,915.00,915.00,915.00,1032.00,1167.00,1227.00,1386.00,1452.00,1173.00,1383.00,1458.00,1560.00,1575.00,1344.00,1437.00,1554.00,1098.00,1302.00,1479.00,1572.00,1695.00,1710.00,1728.00,1728.00,1728.00,1728.00
AR010,921.00,921.00,921.00,921.00,1032.00,1134.00,1233.00,1344.00,1350.00,1185.00,1341.00,1353.00,1371.00,1395.00,1335.00,1347.00,1362.00,1119.00,1299.00,1356.00,1392.00,1410.00,1437.00,1467.00,1467.00,1467.00,1467.00
AR012,564.00,564.00,564.00,564.00,633.00,801.00,840.00,888.00,957.00,804.00,885.00,963.00,1080.00,1137.00,852.00,942.00,1065.00,660.00,843.00,984.00,1128.00,1164.00,1221.00,1245.00,1245.00,1245.00,1245.00
AR411,669.00,669.00,669.00,669.00,765.00,831.00,936.00,1047.00,1176.00,834.00,981.00,1179.00,1212.00,1323.00,957.00,1101.00,1209.00,813.00,939.00,1182.00,1320.00,1464.00,1494.00,1524.00,1524.00,1524.00,1524.00
AZ013,1044.00,1044.00,1044.00,1044.00,1161.00,1236.00,1371.00,1512.00,1518.00,1305.00,1509.00,1521.00,1530.00,1542.00,1506.00,1515.00,1527.00,1218.00,1455.00,1524.00,1539.00,1551.00,1566.00,1599.00,1599.00,1599.00,1599.00
AZ014,669.00,669.00,669.00,669.00,774.00,831.00,876.00,948.00,1041.00,855.00,936.00,1044.00,1059.00,1158.00,924.00,996.00,1056.00,825.00,906.00,1047.00,1140.00,1221.00,1350.00,1377.00,1377.00,1377.00,1377.00
AZ015,879.00,879.00,879.00,879.00,990.00,1056.00,1137.00,1233.00,1245.00,1098.00,1230.00,1248.00,1272.00,1281.00,1221.00,1242.00,1269.00,1044.00,1191.00,1251.00,1278.00,1284.00,1293.00,1320.00,1320.00,1320.00,1320.00
AZ016,726.00,726.00,726.00,726.00,810.00,960.00,975.00,1122.00,1182.00,963.00,1119.00,1188.00,1284.00,1305.00,1080.00,1167.00,1278.00,858.00,1044.00,1209.00,1302.00,1314.00,1335.00,1362.00,1362.00,1362.00,1362.00
CA018,2154.00,2154.00,2154.00,2154.00,2421.00,2649.00,2889.00,3141.00,3153.00,2775.00,3138.00,3156.00,3177.00,3201.00,3132.00,3150.00,3171.00,2613.00,3045.00,3159.00,3195.00,3213.00,3237.00,3300.00,3300.00,3300.00,3300.00
CA019,2820.00,2820.00,2820.00,2820.00,3249.00,3489.00,3663.00,3876.00,3930.00,3579.00,3873.00,3936.00,4026.00,4059.00,3840.00,3918.00,4020.00,3462.00,3777.00,3954.00,4053.00,4074.00,4107.00,4188.00,4188.00,4188.00,4188.00
CA021,630.00,630.00,630.00,630.00,750.00,837.00,900.00,984.00,1083.00,840.00,936.00,1086.00,1125.00,1227.00,918.00,1023.00,1113.00,834.00,903.00,1089.00,1212.00,1326.00,1383.00,1410.00,1410.00,1410.00,1410.00
CA022,1077.00,1077.00,1077.00,1077.00,1197.00,1269.00,1356.00,1479.00,1524.00,1314.00,1476.00,1527.00,1599.00,1614.00,1449.00,1515.00,1596.00,1254.00,1416.00,1542.00,1611.00,1806.00,1824.00,1842.00,1842.00,1842.00,1842.00
CA023,837.00,837.00,837.00,837.00,924.00,978.00,1047.00,1143.00,1206.00,1011.00,1140.00,1212.00,1326.00,1422.00,1104.00,1191.00,1305.00,969.00,1080.00,1233.00,1407.00,1467.00,1566.00,1596.00,1596.00,1596.00,1596.00
CA024,1434.00,1434.00,1434.00,1434.00,1644.00,1785.00,1878.00,2073.00,2190.00,1824.00,2067.00,2202.00,2409.00,2535.00,1995.00,2163.00,2379.00,1746.00,1953.00,2241.00,2517.00,2598.00,2727.00,2781.00,2781.00,2781.00,2781.00
CA025,1476.00,1476.00,1476.00,1476.00,1701.00,1869.00,1974.00,2127.00,2196.00,1923.00,2124.00,2205.00,2322.00,2373.00,2079.00,2181.00,2310.00,1854.00,2040.00,2226.00,2367.00,2400.00,2454.00,2502.00,2502.00,2502.00,2502.00
CA026,1140.00,1140.00,1140.00,1140.00,1296.00,1383.00,1449.00,1563.00,1638.00,1419.00,1560.00,1644.00,1788.00,1923.00,1515.00,1620.00,1755.00,1374.00,1491.00,1668.00,1905.00,1992.00,2130.00,2175.00,2175.00,2175.00,2175.00
CA027,1620.00,1620.00,1620.00,1620.00,1875.00,2016.00,2136.00,2340.00,2466.00,2079.00,2337.00,2478.00,2682.00,2751.00,2259.00,2439.00,2664.00,1998.00,2214.00,2520.00,2742.00,2787.00,2856.00,2913.00,2913.00,2913.00,2913.00
CA028,744.00,744.00,744.00,744.00,813.00,954.00,993.00,1122.00,1179.00,957.00,1119.00,1185.00,1284.00,1338.00,1086.00,1167.00,1272.00,846.00,1044.00,1203.00,1329.00,1365.00,1419.00,1446.00,1446.00,1446.00,1446.00
CA031,1200.00,1200.00,1200.00,1200.00,1350.00,1491.00,1611.00,1836.00,1893.00,1524.00,1833.00,1899.00,1995.00,2022.00,1797.00,1881.00,1986.00,1398.00,1731.00,1920.00,2016.00,2034.00,2064.00,2103.00,2103.00,2103.00,2103.00
CA032,660.00,660.00,660.00,660.00,771.00,831.00,903.00,1005.00,1104.00,840.00,945.00,1107.00,1128.00,1236.00,924.00,1050.00,1125.00,828.00,906.00,1110.00,1221.00,1299.00,1425.00,1455.00,1455.00,1455.00,1455.00
CA033,993.00,993.00,993.00,993.00,1134.00,1182.00,1335.00,1527.00,1545.00,1251.00,1524.00,1548.00,1608.00,1734.00,1512.00,1539.00,1575.00,1140.00,1446.00,1554.00,1716.00,1797.00,1926.00,1965.00,1965.00,1965.00,1965.00
CA034,1173.00,1173.00,1173.00,1173.00,1320.00,1431.00,1557.00,1743.00,1806.00,1488.00,1740.00,1812.00,1911.00,1926.00,1701.00,1794.00,1908.00,1392.00,1647.00,1833.00,1923.00,1932.00,1944.00,1983.00,1983.00,1983.00,1983.00
CA035,963.00,963.00,963.00,963.00,1074.00,1134.00,1182.00,1242.00,1248.00,1158.00,1239.00,1251.00,1287.00,1398.00,1233.00,1245.00,1272.00,1125.00,1215.00,1254.00,1392.00,1548.00,1563.00,1596.00,1596.00,1596.00,1596.00
CA036,1476.00,1476.00,1476.00,1476.00,1641.00,1728.00,1764.00,1833.00,1884.00,1746.00,1830.00,1890.00,1983.00,2034.00,1797.00,1872.00,1971.00,1725.00,1785.00,1908.00,2028.00,2061.00,2112.00,2154.00,2154.00,2154.00,2154.00
CA037,1707.00,1707.00,1707.00,1707.00,1920.00,2055.00,2244.00,2493.00,2589.00,2154.00,2490.00,2598.00,2760.00,2850.00,2433.00,2568.00,2736.00,2028.00,2364.00,2628.00,2838.00,2898.00,2991.00,3051.00,3051.00,3051.00,3051.00
CA038,1713.00,1713.00,1713.00,1713.00,1926.00,2052.00,2187.00,2349.00,2382.00,2124.00,2346.00,2385.00,2451.00,2517.00,2325.00,2373.00,2436.00,2034.00,2274.00,2394.00,2508.00,2547.00,2613.00,2667.00,2667.00,2667.00,2667.00
CA039,1428.00,1428.00,1428.00,1428.00,1632.00,1944.00,2034.00,2163.00,2331.00,1947.00,2157.00,2346.00,2622.00,2742.00,2055.00,2292.00,2592.00,1749.00,2037.00,2400.00,2724.00,2802.00,2922.00,2982.00,2982.00,2982.00,2982.00
CA041,1374.00,1374.00,1374.00,1374.00,1560.00,1665.00,1764.00,1878.00,1893.00,1716.00,1875.00,1896.00,1935.00,1998.00,1863.00,1890.00,1920.00,1650.00,1827.00,1899.00,1989.00,2028.00,2094.00,2136.00,2136.00,2136.00,2136.00
CA042,897.00,897.00,897.00,897.00,1044.00,1167.00,1218.00,1272.00,1380.00,1170.00,1263.00,1389.00,1575.00,1641.00,1230.00,1353.00,1557.00,1116.00,1221.00,1425.00,1632.00,1674.00,1743.00,1779.00,1779.00,1779.00,1779.00
CA044,2232.00,2232.00,2232.00,2232.00,2568.00,2763.00,2937.00,3177.00,3270.00,2853.00,3174.00,3279.00,3450.00,3588.00,3117.00,3249.00,3417.00,2736.00,3051.00,3309.00,3567.00,3654.00,3795.00,3873.00,3873.00,3873.00,3873.00
CA392,1173.00,1173.00,1173.00,1173.00,1353.00,1488.00,1593.00,1719.00,1830.00,1527.00,1716.00,1833.00,2019.00,2157.00,1653.00,1800.00,1986.00,1470.00,1623.00,1866.00,2139.00,2226.00,2367.00,2415.00,2415.00,2415.00,2415.00
CA393,813.00,813.00,813.00,813.00,972.00,1083.00,1131.00,1185.00,1287.00,1086.00,1182.00,1296.00,1461.00,1524.00,1143.00,1263.00,1443.00,1050.00,1134.00,1329.00,1515.00,1557.00,1626.00,1659.00,1659.00,1659.00,1659.00
CA420,798.00,798.00,798.00,798.00,900.00,984.00,1074.00,1224.00,1257.00,1014.00,1221.00,1260.00,1323.00,1365.00,1200.00,1248.00,1311.00,927.00,1155.00,1272.00,1359.00,1386.00,1431.00,1458.00,1458.00,1458.00,1458.00
CA457,930.00,930.00,930.00,930.00,1035.00,1119.00,1248.00,1401.00,1431.00,1185.00,1398.00,1434.00,1506.00,1608.00,1380.00,1425.00,1479.00,1098.00,1332.00,1443.00,1593.00,1659.00,1764.00,1797.00,1797.00,1797.00,1797.00
CO045,1206.00,1206.00,1206.00,1206.00,1350.00,1461.00,1617.00,1788.00,1797.00,1542.00,1785.00,1800.00,1821.00,1866.00,1779.00,1794.00,1809.00,1437.00,1722.00,1803.00,1860.00,1890.00,1938.00,1977.00,1977.00,1977.00,1977.00
CO046,984.00,984.00,984.00,984.00,1119.00,1212.00,1317.00,1443.00,1461.00,1269.00,1440.00,1464.00,1515.00,1599.00,1425.00,1455.00,1494.00,1197.00,1386.00,1470.00,1587.00,1641.00,1728.00,1761.00,1761.00,1761.00,1761.00
CO047,1002.00,1002.00,1002.00,1002.00,1122.00,1197.00,1278.00,1407.00,1476.00,1239.00,1404.00,1482.00,1599.00,1671.00,1365.00,1461.00,1581.00,1182.00,1332.00,1503.00,1659.00,1704.00,1779.00,1815.00,1815.00,1815.00,1815.00
CO422,1290.00,1290.00,1290.00,1290.00,1431.00,1635.00,1641.00,1758.00,1920.00,1638.00,1752.00,1938.00,2181.00,2190.00,1653.00,1884.00,2178.00,1503.00,1644.00,1989.00,2187.00,2358.00,2382.00,2403.00,2403.00,2403.00,2403.00
CT049,1068.00,1068.00,1068.00,1068.00,1248.00,1440.00,1461.00,1581.00,1713.00,1443.00,1578.00,1725.00,1926.00,1956.00,1497.00,1683.00,1920.00,1347.00,1473.00,1767.00,1953.00,1971.00,2001.00,2040.00,2040.00,2040.00,2040.00
CT050,1287.00,1287.00,1287.00,1287.00,1428.00,1665.00,1695.00,1938.00,2049.00,1668.00,1935.00,2058.00,2229.00,2265.00,1869.00,2022.00,2220.00,1500.00,1806.00,2094.00,2259.00,2283.00,2319.00,2364.00,2364.00,2364.00,2364.00
CT051,2037.00,2037.00,2037.00,2037.00,2346.00,2514.00,2631.00,2838.00,2973.00,2574.00,2832.00,2988.00,3222.00,3339.00,2748.00,2943.00,3192.00,2496.00,2706.00,3033.00,3324.00,3399.00,3519.00,3591.00,3591.00,3591.00,3591.00
DC053,1719.00,1719.00,1719.00,1719.00,1905.00,2016.00,2148.00,2322.00,2376.00,2085.00,2319.00,2382.00,2484.00,2577.00,2286.00,2364.00,2463.00,1995.00,2235.00,2397.00,2565.00,2622.00,2718.00,2772.00,2772.00,2772.00,2772.00
DE054,1071.00,1071.00,1071.00,1071.00,1194.00,1272.00,1386.00,1518.00,1545.00,1332.00,1515.00,1548.00,1614.00,1731.00,1500.00,1539.00,1587.00,1257.00,1458.00,1554.00,1716.00,1788.00,1908.00,1947.00,1947.00,1947.00,1947.00
FL056,1044.00,1044.00,1044.00,1044.00,1149.00,1206.00,1317.00,1491.00,1611.00,1227.00,1389.00,1614.00,1623.00,1809.00,1353.00,1572.00,1620.00,1203.00,1320.00,1617.00,1779.00,1917.00,2139.00,2181.00,2181.00,2181.00,2181.00
FL057,954.00,954.00,954.00,954.00,1080.00,1158.00,1257.00,1383.00,1419.00,1209.00,1380.00,1422.00,1488.00,1527.00,1356.00,1410.00,1476.00,1143.00,1320.00,1434.00,1521.00,1605.00,1620.00,1638.00,1638.00,1638.00,1638.00
FL058,1050.00,1050.00,1050.00,1050.00,1161.00,1236.00,1368.00,1527.00,1560.00,1305.00,1524.00,1566.00,1626.00,1656.00,1500.00,1554.00,1620.00,1215.00,1452.00,1578.00,1650.00,1668.00,1698.00,1731.00,1731.00,1731.00,1731.00
FL059,1038.00,1038.00,1038.00,1038.00,1167.00,1272.00,1389.00,1527.00,1551.00,1335.00,1524.00,1554.00,1608.00,1686.00,1509.00,1545.00,1590.00,1254.00,1467.00,1560.00,1674.00,1779.00,1800.00,1836.00,1836.00,1836.00,1836.00
FL061,1647.00,1647.00,1647.00,1647.00,1887.00,2010.00,2049.00,2130.00,2190.00,2031.00,2127.00,2196.00,2304.00,2373.00,2091.00,2178.00,2286.00,2004.00,2076.00,2217.00,2364.00,2409.00,2481.00,2532.00,2532.00,2532.00,2532.00
FL062,1071.00,1071.00,1071.00,1071.00,1188.00,1281.00,1338.00,1476.00,1566.00,1299.00,1473.00,1575.00,1722.00,1767.00,1419.00,1548.00,1710.00,1245.00,1389.00,1605.00,1761.00,1791.00,1839.00,1875.00,1875.00,1875.00,1875.00
FL063,1074.00,1074.00,1074.00,1074.00,1185.00,1248.00,1305.00,1389.00,1431.00,1278.00,1386.00,1434.00,1515.00,1590.00,1359.00,1419.00,1497.00,1242.00,1338.00,1449.00,1578.00,1626.00,1701.00,1734.00,1734.00,1734.00,1734.00
FL064,984.00,984.00,984.00,984.00,1074.00,1125.00,1179.00,1266.00,1314.00,1152.00,1263.00,1317.00,1401.00,1449.00,1233.00,1302.00,1392.00,1116.00,1212.00,1335.00,1443.00,1470.00,1518.00,1548.00,1548.00,1548.00,1548.00
FL065,945.00,945.00,945.00,945.00,1017.00,1059.00,1083.00,1140.00,1188.00,1071.00,1137.00,1194.00,1284.00,1359.00,1110.00,1176.00,1263.00,1053.00,1101.00,1209.00,1347.00,1452.00,1476.00,1506.00,1506.00,1506.00,1506.00
FL066,1194.00,1194.00,1194.00,1194.00,1338.00,1440.00,1605.00,1812.00,1854.00,1521.00,1809.00,1857.00,1932.00,1974.00,1782.00,1845.00,1920.00,1401.00,1719.00,1872.00,1968.00,1992.00,2037.00,2076.00,2076.00,2076.00,2076.00
FL067,1215.00,1215.00,1215.00,1215.00,1383.00,1527.00,1638.00,1821.00,1905.00,1563.00,1818.00,1914.00,2073.00,2220.00,1767.00,1887.00,2037.00,1470.00,1716.00,1941.00,2199.00,2292.00,2442.00,2493.00,2493.00,2493.00,2493.00
FL068,996.00,996.00,996.00,996.00,1083.00,1143.00,1251.00,1374.00,1386.00,1200.00,1371.00,1389.00,1428.00,1506.00,1362.00,1383.00,1410.00,1125.00,1323.00,1392.00,1494.00,1545.00,1626.00,1659.00,1659.00,1659.00,1659.00
FL069,1551.00,1551.00,1551.00,1551.00,1692.00,1932.00,2025.00,2313.00,2415.00,1935.00,2310.00,2424.00,2607.00,2733.00,2247.00,2391.00,2574.00,1764.00,2166.00,2457.00,2715.00,2799.00,2928.00,2988.00,2988.00,2988.00,2988.00
FL070,966.00,966.00,966.00,966.00,1077.00,1149.00,1260.00,1404.00,1446.00,1206.00,1401.00,1452.00,1527.00,1554.00,1371.00,1437.00,1521.00,1131.00,1332.00,1467.00,1551.00,1566.00,1596.00,1626.00,1626.00,1626.00,1626.00
FL423,1020.00,1020.00,1020.00,1020.00,1095.00,1146.00,1224.00,1341.00,1389.00,1188.00,1338.00,1392.00,1488.00,1563.00,1305.00,1377.00,1467.00,1134.00,1278.00,1410.00,1551.00,1599.00,1677.00,1710.00,1710.00,1710.00,1710.00
FL424,1086.00,1086.00,1086.00,1086.00,1200.00,1266.00,1335.00,1452.00,1524.00,1302.00,1449.00,1533.00,1656.00,1710.00,1404.00,1509.00,1644.00,1257.00,1377.00,1557.00,1704.00,1737.00,1794.00,1830.00,1830.00,1830.00,1830.00
GA071,1056.00,1056.00,1056.00,1056.00,1125.00,1167.00,1209.00,1290.00,1347.00,1191.00,1287.00,1353.00,1446.00,1494.00,1254.00,1335.00,1434.00,1161.00,1239.00,1371.00,1488.00,1518.00,1566.00,1599.00,1599.00,1599.00,1599.00
GA072,666.00,666.00,666.00,666.00,777.00,843.00,891.00,954.00,996.00,870.00,951.00,999.00,1029.00,1125.00,942.00,963.00,1026.00,837.00,924.00,1002.00,1122.00,1248.00,1263.00,1287.00,1287.00,1287.00,1287.00
GA073,939.00,939.00,939.00,939.00,1032.00,1083.00,1089.00,1131.00,1188.00,1086.00,1128.00,1194.00,1293.00,1353.00,1095.00,1173.00,1278.00,1080.00,1092.00,1212.00,1350.00,1542.00,1557.00,1572.00,1572.00,1572.00,1572.00
GA074,870.00,870.00,870.00,870.00,960.00,1011.00,1023.00,1086.00,1158.00,1017.00,1083.00,1167.00,1293.00,1356.00,1038.00,1143.00,1275.00,1008.00,1032.00,1191.00,1347.00,1389.00,1452.00,1482.00,1482.00,1482.00,1482.00
GA075,963.00,963.00,963.00,963.00,1086.00,1155.00,1218.00,1329.00,1404.00,1188.00,1326.00,1410.00,1527.00,1557.00,1281.00,1386.00,1521.00,1146.00,1257.00,1434.00,1551.00,1572.00,1602.00,1632.00,1632.00,1632.00,1632.00
GA076,864.00,864.00,864.00,864.00,975.00,1041.00,1137.00,1245.00,1263.00,1092.00,1242.00,1266.00,1302.00,1350.00,1230.00,1257.00,1293.00,1029.00,1197.00,1269.00,1341.00,1455.00,1470.00,1485.00,1485.00,1485.00,1485.00
GA077,1107.00,1107.00,1107.00,1107.00,1269.00,1368.00,1485.00,1626.00,1650.00,1428.00,1623.00,1653.00,1701.00,1734.00,1605.00,1644.00,1695.00,1350.00,1560.00,1662.00,1728.00,1749.00,1779.00,1815.00,1815.00,1815.00,1815.00
GA078,786.00,786.00,786.00,786.00,879.00,957.00,996.00,1101.00,1170.00,966.00,1098.00,1176.00,1281.00,1299.00,1056.00,1152.00,1275.00,927.00,1035.00,1197.00,1296.00,1323.00,1338.00,1350.00,1350.00,1350.00,1350.00
GA079,837.00,837.00,837.00,837.00,939.00,993.00,1005.00,1071.00,1149.00,999.00,1068.00,1158.00,1287.00,1341.00,1020.00,1131.00,1275.00,990.00,1014.00,1182.00,1335.00,1488.00,1503.00,1518.00,1518.00,1518.00,1518.00
GA080,1041.00,1041.00,1041.00,1041.00,1143.00,1203.00,1275.00,1374.00,1410.00,1239.00,1371.00,1413.00,1500.00,1620.00,1347.00,1401.00,1470.00,1194.00,1320.00,1425.00,1605.00,1683.00,1806.00,1842.00,1842.00,1842.00,1842.00
GA081,789.00,789.00,789.00,789.00,906.00,972.00,1023.00,1110.00,1161.00,999.00,1107.00,1164.00,1251.00,1281.00,1074.00,1149.00,1242.00,966.00,1056.00,1182.00,1278.00,1299.00,1332.00,1359.00,1359.00,1359.00,1359.00
HI407,1500.00,1500.00,1500.00,1500.00,1707.00,1998.00,2061.00,2355.00,2475.00,2001.00,2349.00,2484.00,2685.00,2766.00,2277.00,2448.00,2664.00,1740.00,2184.00,2523.00,2757.00,2880.00,2907.00,2952.00,2952.00,2952.00,2952.00
HI408,2190.00,2190.00,2190.00,2190.00,2631.00,2859.00,2925.00,3006.00,3021.00,2895.00,3003.00,3024.00,3111.00,3378.00,2994.00,3015.00,3045.00,2850.00,2970.00,3027.00,3339.00,3510.00,3783.00,3858.00,3858.00,3858.00,3858.00
HI409,1098.00,1098.00,1098.00,1098.00,1212.00,1335.00,1476.00,1641.00,1677.00,1407.00,1638.00,1680.00,1737.00,1746.00,1617.00,1668.00,1734.00,1314.00,1566.00,1692.00,1743.00,1749.00,1758.00,1794.00,1794.00,1794.00,1794.00
HI414,1365.00,1365.00,1365.00,1365.00,1485.00,1629.00,1710.00,1920.00,2016.00,1641.00,1917.00,2028.00,2193.00,2277.00,1857.00,1995.00,2172.00,1542.00,1803.00,2058.00,2265.00,2364.00,2409.00,2457.00,2457.00,2457.00,2457.00
IA082,948.00,948.00,948.00,948.00,1056.00,1251.00,1266.00,1461.00,1539.00,1254.00,1458.00,1548.00,1671.00,1692.00,1407.00,1521.00,1665.00,1101.00,1356.00,1572.00,1689.00,1743.00,1761.00,1779.00,1779.00,1779.00,1779.00
ID084,726.00,726.00,726.00,726.00,807.00,852.00,888.00,945.00,972.00,873.00,942.00,975.00,1032.00,1113.00,927.00,966.00,1017.00,849.00,912.00,984.00,1110.00,1266.00,1278.00,1293.00,1293.00,1293.00,1293.00
ID086,600.00,600.00,600.00,600.00,696.00,762.00,822.00,915.00,999.00,783.00,867.00,1002.00,1017.00,1125.00,840.00,957.00,1014.00,756.00,825.00,1005.00,1110.00,1182.00,1299.00,1323.00,1323.00,1323.00,1323.00
IL088,777.00,777.00,777.00,777.00,912.00,996.00,1041.00,1092.00,1101.00,1020.00,1089.00,1104.00,1137.00,1239.00,1086.00,1098.00,1113.00,990.00,1068.00,1107.00,1224.00,1290.00,1395.00,1422.00,1422.00,1422.00,1422.00
IL089,945.00,945.00,945.00,945.00,1089.00,1380.00,1497.00,1626.00,1734.00,1383.00,1548.00,1737.00,1878.00,2034.00,1524.00,1683.00,1839.00,1173.00,1500.00,1740.00,2013.00,2115.00,2274.00,2322.00,2322.00,2322.00,2322.00
IL090,834.00,834.00,834.00,834.00,942.00,1041.00,1116.00,1224.00,1269.00,1080.00,1221.00,1272.00,1353.00,1470.00,1194.00,1260.00,1341.00,1029.00,1167.00,1287.00,1467.00,1722.00,1737.00,1755.00,1755.00,1755.00,1755.00
IL092,966.00,966.00,966.00,966.00,1128.00,1236.00,1302.00,1533.00,1578.00,1239.00,1530.00,1581.00,1662.00,1710.00,1503.00,1566.00,1650.00,1140.00,1431.00,1596.00,1704.00,1752.00,1785.00,1821.00,1821.00,1821.00,1821.00
IL093,822.00,822.00,822.00,822.00,909.00,1017.00,1101.00,1239.00,1284.00,1050.00,1236.00,1287.00,1368.00,1413.00,1206.00,1272.00,1356.00,981.00,1170.00,1302.00,1407.00,1593.00,1611.00,1626.00,1626.00,1626.00,1626.00
IL325,1512.00,1512.00,1512.00,1512.00,1698.00,1809.00,1926.00,2061.00,2079.00,1869.00,2058.00,2082.00,2112.00,2130.00,2049.00,2073.00,2106.00,1791.00,2004.00,2085.00,2127.00,2385.00,2406.00,2430.00,2430.00,2430.00,2430.00
IL335,732.00,732.00,732.00,732.00,840.00,909.00,981.00,1083.00,1116.00,948.00,1080.00,1119.00,1179.00,1200.00,1056.00,1107.00,1173.00,897.00,1029.00,1131.00,1197.00,1209.00,1230.00,1254.00,1254.00,1254.00,1254.00
IN094,909.00,909.00,909.00,909.00,1047.00,1179.00,1221.00,1350.00,1437.00,1182.00,1347.00,1443.00,1584.00,1641.00,1296.00,1416.00,1569.00,1113.00,1266.00,1470.00,1635.00,1671.00,1728.00,1764.00,1764.00,1764.00,1764.00
IN097,666.00,666.00,666.00,666.00,735.00,780.00,876.00,990.00,1008.00,831.00,987.00,1011.00,1041.00,1047.00,972.00,1002.00,1038.00,768.00,939.00,1014.00,1044.00,1122.00,1131.00,1143.00,1143.00,1143.00,1143.00
IN099,711.00,711.00,711.00,711.00,813.00,864.00,954.00,1098.00,1119.00,897.00,1095.00,1122.00,1155.00,1167.00,1083.00,1113.00,1152.00,816.00,1035.00,1128.00,1164.00,1365.00,1377.00,1392.00,1392.00,1392.00,1392.00
IN338,756.00,756.00,756.00,756.00,861.00,888.00,1017.00,1158.00,1167.00,957.00,1155.00,1170.00,1185.00,1191.00,1149.00,1164.00,1182.00,870.00,1101.00,1173.00,1188.00,1194.00,1200.00,1224.00,1224.00,1224.00,1224.00
IN399,828.00,828.00,828.00,828.00,912.00,972.00,1053.00,1173.00,1221.00,1011.00,1170.00,1224.00,1317.00,1401.00,1140.00,1209.00,1296.00,954.00,1107.00,1239.00,1389.00,1542.00,1557.00,1572.00,1572.00,1572.00,1572.00
KS100,897.00,897.00,897.00,897.00,1005.00,1101.00,1158.00,1266.00,1344.00,1107.00,1263.00,1353.00,1488.00,1563.00,1215.00,1326.00,1470.00,1059.00,1188.00,1377.00,1554.00,1602.00,1680.00,1713.00,1713.00,1713.00,1713.00
KS101,699.00,699.00,699.00,699.00,789.00,900.00,969.00,1047.00,1137.00,903.00,1038.00,1140.00,1221.00,1317.00,999.00,1089.00,1200.00,831.00,972.00,1143.00,1302.00,1362.00,1458.00,1488.00,1488.00,1488.00,1488.00
KS102,714.00,714.00,714.00,714.00,798.00,987.00,1056.00,1134.00,1224.00,990.00,1089.00,1227.00,1338.00,1434.00,1074.00,1170.00,1317.00,840.00,1059.00,1230.00,1419.00,1479.00,1578.00,1608.00,1608.00,1608.00,1608.00
KS105,738.00,738.00,738.00,738.00,825.00,975.00,1044.00,1125.00,1197.00,978.00,1122.00,1200.00,1323.00,1413.00,1083.00,1176.00,1299.00,882.00,1047.00,1221.00,1401.00,1458.00,1554.00,1584.00,1584.00,1584.00,1584.00
KS334,636.00,636.00,636.00,636.00,732.00,789.00,864.00,948.00,1017.00,819.00,933.00,1020.00,1074.00,1176.00,906.00,987.00,1050.00,780.00,885.00,1023.00,1164.00,1230.00,1335.00,1362.00,1362.00,1362.00,1362.00
KY106,996.00,996.00,996.00,996.00,1137.00,1212.00,1254.00,1341.00,1407.00,1233.00,1338.00,1413.00,1542.00,1659.00,1296.00,1392.00,1512.00,1206.00,1281.00,1434.00,1641.00,1716.00,1839.00,1875.00,1875.00,1875.00,1875.00
KY107,783.00,783.00,783.00,783.00,870.00,1068.00,1149.00,1236.00,1326.00,1071.00,1185.00,1329.00,1452.00,1557.00,1167.00,1275.00,1425.00,912.00,1152.00,1332.00,1542.00,1611.00,1722.00,1755.00,1755.00,1755.00,1755.00
KY109,1023.00,1023.00,1023.00,1023.00,1113.00,1173.00,1278.00,1401.00,1422.00,1227.00,1398.00,1425.00,1473.00,1533.00,1383.00,1416.00,1461.00,1158.00,1344.00,1431.00,1524.00,1695.00,1713.00,1728.00,1728.00,1728.00,1728.00
KY110,720.00,720.00,720.00,720.00,762.00,942.00,1008.00,1080.00,1155.00,945.00,1038.00,1158.00,1278.00,1365.00,1023.00,1113.00,1257.00,780.00,1011.00,1161.00,1353.00,1410.00,1500.00,1530.00,1530.00,1530.00,1530.00
KY339,705.00,705.00,705.00,705.00,780.00,825.00,876.00,957.00,1041.00,843.00,933.00,1044.00,1092.00,1191.00,900.00,993.00,1068.00,819.00,885.00,1047.00,1179.00,1242.00,1344.00,1371.00,1371.00,1371.00,1371.00
KY430,720.00,720.00,720.00,720.00,852.00,933.00,993.00,1056.00,1125.00,945.00,1047.00,1131.00,1263.00,1344.00,1005.00,1107.00,1245.00,921.00,996.00,1155.00,1332.00,1383.00,1464.00,1494.00,1494.00,1494.00,1494.00
LA113,804.00,804.00,804.00,804.00,915.00,975.00,990.00,1044.00,1092.00,984.00,1041.00,1095.00,1182.00,1233.00,1008.00,1080.00,1170.00,972.00,1002.00,1113.00,1224.00,1329.00,1341.00,1353.00,1353.00,1353.00,1353.00
LA114,975.00,975.00,975.00,975.00,1110.00,1188.00,1266.00,1377.00,1422.00,1227.00,1374.00,1425.00,1518.00,1611.00,1344.00,1410.00,1494.00,1176.00,1314.00,1440.00,1599.00,1680.00,1755.00,1788.00,1788.00,1788.00,1788.00
LA115,699.00,699.00,699.00,699.00,807.00,960.00,1002.00,1050.00,1140.00,963.00,1047.00,1149.00,1296.00,1350.00,1011.00,1119.00,1281.00,876.00,1005.00,1176.00,1344.00,1380.00,1437.00,1467.00,1467.00,1467.00,1467.00
LA116,957.00,957.00,957.00,957.00,1113.00,1200.00,1260.00,1374.00,1461.00,1230.00,1371.00,1470.00,1611.00,1650.00,1320.00,1443.00,1599.00,1191.00,1296.00,1500.00,1644.00,1668.00,1707.00,1743.00,1743.00,1743.00,1743.00
LA117,1002.00,1002.00,1002.00,1002.00,1122.00,1194.00,1284.00,1404.00,1449.00,1242.00,1401.00,1452.00,1539.00,1602.00,1374.00,1440.00,1521.00,1182.00,1341.00,1467.00,1593.00,1659.00,1701.00,1737.00,1737.00,1737.00,1737.00
LA118,873.00,873.00,873.00,873.00,987.00,1089.00,1209.00,1344.00,1476.00,1104.00,1341.00,1479.00,1515.00,1650.00,1314.00,1398.00,1512.00,1011.00,1263.00,1482.00,1629.00,1764.00,1896.00,1935.00,1935.00,1935.00,1935.00
LA326,873.00,873.00,873.00,873.00,1005.00,1074.00,1104.00,1173.00,1260.00,1089.00,1170.00,1263.00,1353.00,1470.00,1134.00,1218.00,1326.00,1071.00,1122.00,1266.00,1452.00,1527.00,1644.00,1677.00,1677.00,1677.00,1677.00
LA370,954.00,954.00,954.00,954.00,1116.00,1200.00,1215.00,1254.00,1290.00,1206.00,1251.00,1293.00,1359.00,1404.00,1230.00,1281.00,1347.00,1197.00,1224.00,1305.00,1398.00,1446.00,1476.00,1506.00,1506.00,1506.00,1506.00
LA371,741.00,741.00,741.00,741.00,834.00,969.00,987.00,1011.00,1119.00,972.00,1008.00,1128.00,1296.00,1320.00,993.00,1095.00,1290.00,882.00,990.00,1164.00,1317.00,1332.00,1359.00,1386.00,1386.00,1386.00,1386.00
MA119,1662.00,1662.00,1662.00,1662.00,1947.00,2127.00,2223.00,2355.00,2406.00,2178.00,2352.00,2409.00,2529.00,2709.00,2322.00,2394.00,2484.00,2112.00,2286.00,2427.00,2682.00,2796.00,2982.00,3042.00,3042.00,3042.00,3042.00
MA120,1977.00,1977.00,1977.00,1977.00,2289.00,2457.00,2544.00,2712.00,2838.00,2502.00,2709.00,2850.00,3045.00,3066.00,2631.00,2811.00,3039.00,2442.00,2598.00,2892.00,3063.00,3078.00,3102.00,3162.00,3162.00,3162.00,3162.00
MA121,1062.00,1062.00,1062.00,1062.00,1233.00,1464.00,1545.00,1635.00,1731.00,1467.00,1581.00,1737.00,1977.00,2088.00,1563.00,1692.00,1950.00,1317.00,1548.00,1785.00,2073.00,2142.00,2253.00,2298.00,2298.00,2298.00,2298.00
MA122,1257.00,1257.00,1257.00,1257.00,1392.00,1587.00,1665.00,1908.00,1989.00,1590.00,1905.00,1998.00,2133.00,2193.00,1857.00,1971.00,2118.00,1452.00,1788.00,2022.00,2184.00,2286.00,2310.00,2331.00,2331.00,2331.00,2331.00
MA123,1314.00,1314.00,1314.00,1314.00,1500.00,1620.00,1761.00,1941.00,1989.00,1692.00,1938.00,1995.00,2097.00,2208.00,1905.00,1977.00,2070.00,1599.00,1854.00,2010.00,2193.00,2424.00,2448.00,2472.00,2472.00,2472.00,2472.00
MA124,1272.00,1272.00,1272.00,1272.00,1476.00,1638.00,1701.00,1881.00,1998.00,1653.00,1878.00,2010.00,2205.00,2289.00,1806.00,1971.00,2184.00,1584.00,1767.00,2046.00,2277.00,2334.00,2421.00,2469.00,2469.00,2469.00,2469.00
MA125,1506.00,1506.00,1506.00,1506.00,1722.00,2013.00,2133.00,2262.00,2400.00,2016.00,2196.00,2406.00,2724.00,2883.00,2160.00,2346.00,2682.00,1938.00,2136.00,2466.00,2862.00,2964.00,3129.00,3192.00,3192.00,3192.00,3192.00
MA126,1080.00,1080.00,1080.00,1080.00,1191.00,1443.00,1506.00,1590.00,1719.00,1446.00,1587.00,1731.00,1944.00,2028.00,1518.00,1689.00,1923.00,1245.00,1509.00,1773.00,2016.00,2082.00,2157.00,2199.00,2199.00,2199.00,2199.00
MA151,1575.00,1575.00,1575.00,1575.00,1764.00,1974.00,2106.00,2307.00,2430.00,2043.00,2304.00,2433.00,2625.00,2847.00,2244.00,2385.00,2568.00,1953.00,2193.00,2451.00,2817.00,2961.00,3189.00,3255.00,3255.00,3255.00,3255.00
MA377,1794.00,1794.00,1794.00,1794.00,2040.00,2295.00,2373.00,2583.00,2769.00,2298.00,2577.00,2787.00,3084.00,3192.00,2466.00,2727.00,3060.00,2160.00,2412.00,2844.00,3177.00,3243.00,3351.00,3420.00,3420.00,3420.00,3420.00
MD127,1167.00,1167.00,1167.00,1167.00,1320.00,1524.00,1566.00,1770.00,1872.00,1527.00,1767.00,1881.00,2034.00,2043.00,1704.00,1848.00,2031.00,1410.00,1653.00,1914.00,2040.00,2118.00,2139.00,2160.00,2160.00,2160.00,2160.00
MD128,1620.00,1620.00,1620.00,1620.00,1773.00,1869.00,2004.00,2181.00,2241.00,1938.00,2178.00,2247.00,2346.00,2394.00,2142.00,2226.00,2334.00,1848.00,2094.00,2265.00,2385.00,2418.00,2466.00,2514.00,2514.00,2514.00,2514.00
MD129,1530.00,1530.00,1530.00,1530.00,1725.00,1881.00,2007.00,2238.00,2343.00,1932.00,2235.00,2355.00,2526.00,2598.00,2172.00,2319.00,2508.00,1824.00,2112.00,2388.00,2589.00,2634.00,2706.00,2760.00,2760.00,2760.00,2760.00
MD130,1353.00,1353.00,1353.00,1353.00,1470.00,1545.00,1665.00,1836.00,1905.00,1608.00,1833.00,1911.00,2025.00,2061.00,1788.00,1890.00,2016.00,1527.00,1743.00,1935.00,2058.00,2082.00,2115.00,2157.00,2157.00,2157.00,2157.00
MD133,1734.00,1734.00,1734.00,1734.00,1959.00,2076.00,2118.00,2184.00,2214.00,2100.00,2181.00,2217.00,2274.00,2322.00,2163.00,2205.00,2262.00,2070.00,2148.00,2226.00,2316.00,2346.00,2394.00,2442.00,2442.00,2442.00,2442.00
MD134,1572.00,1572.00,1572.00,1572.00,1803.00,1935.00,2061.00,2193.00,2199.00,2001.00,2190.00,2202.00,2229.00,2301.00,2187.00,2196.00,2211.00,1917.00,2142.00,2205.00,2292.00,2337.00,2412.00,2460.00,2460.00,2460.00,2460.00
MD135,1224.00,1224.00,1224.00,1224.00,1368.00,1524.00,1557.00,1734.00,1851.00,1527.00,1731.00,1860.00,2043.00,2085.00,1662.00,1824.00,2031.00,1437.00,1623.00,1899.00,2079.00,2106.00,2148.00,2193.00,2193.00,2193.00,2193.00
MD432,972.00,972.00,972.00,972.00,1113.00,1260.00,1278.00,1428.00,1524.00,1263.00,1425.00,1533.00,1680.00,1692.00,1365.00,1503.00,1677.00,1182.00,1335.00,1566.00,1689.00,1695.00,1704.00,1737.00,1737.00,1737.00,1737.00
MD458,1278.00,1278.00,1278.00,1278.00,1410.00,1533.00,1584.00,1755.00,1866.00,1539.00,1752.00,1878.00,2049.00,2070.00,1683.00,1842.00,2043.00,1473.00,1647.00,1914.00,2067.00,2082.00,2106.00,2148.00,2148.00,2148.00,2148.00
ME136,720.00,720.00,720.00,720.00,825.00,1083.00,1125.00,1170.00,1275.00,1086.00,1164.00,1284.00,1458.00,1512.00,1134.00,1251.00,1443.00,852.00,1128.00,1320.00,1506.00,1542.00,1599.00,1629.00,1629.00,1629.00,1629.00
ME139,1119.00,1119.00,1119.00,1119.00,1269.00,1401.00,1500.00,1677.00,1749.00,1440.00,1674.00,1758.00,1893.00,2001.00,1629.00,1734.00,1866.00,1353.00,1581.00,1782.00,1986.00,2055.00,2169.00,2211.00,2211.00,2211.00,2211.00
ME141,900.00,900.00,900.00,900.00,1038.00,1164.00,1218.00,1419.00,1470.00,1167.00,1416.00,1476.00,1569.00,1641.00,1383.00,1458.00,1551.00,1053.00,1320.00,1491.00,1632.00,1677.00,1749.00,1785.00,1785.00,1785.00,1785.00
ME390,711.00,711.00,711.00,711.00,801.00,966.00,1050.00,1140.00,1239.00,969.00,1089.00,1242.00,1317.00,1428.00,1068.00,1182.00,1290.00,870.00,1053.00,1245.00,1413.00,1485.00,1599.00,1632.00,1632.00,1632.00,1632.00
MI142,1068.00,1068.00,1068.00,1068.00,1224.00,1380.00,1437.00,1674.00,1740.00,1383.00,1671.00,1746.00,1854.00,1905.00,1632.00,1725.00,1839.00,1242.00,1563.00,1764.00,1899.00,1995.00,2016.00,2037.00,2037.00,2037.00,2037.00
MI143,684.00,684.00,684.00,684.00,786.00,963.00,1014.00,1095.00,1167.00,966.00,1092.00,1176.00,1302.00,1368.00,1047.00,1152.00,1284.00,804.00,1017.00,1197.00,1359.00,1497.00,1512.00,1527.00,1527.00,1527.00,1527.00
MI145,690.00,690.00,690.00,690.00,783.00,834.00,867.00,921.00,942.00,852.00,918.00,945.00,990.00,1029.00,903.00,936.00,978.00,828.00,891.00,951.00,1023.00,1047.00,1089.00,1110.00,1110.00,1110.00,1110.00
MI146,885.00,885.00,885.00,885.00,912.00,1215.00,1263.00,1314.00,1422.00,1218.00,1293.00,1434.00,1635.00,1698.00,1272.00,1395.00,1620.00,945.00,1266.00,1476.00,1689.00,1731.00,1794.00,1830.00,1830.00,1830.00,1830.00
MI148,807.00,807.00,807.00,807.00,909.00,972.00,1062.00,1170.00,1188.00,1020.00,1167.00,1191.00,1245.00,1326.00,1152.00,1185.00,1224.00,960.00,1119.00,1197.00,1317.00,1368.00,1452.00,1482.00,1482.00,1482.00,1482.00
MI152,780.00,780.00,780.00,780.00,945.00,1155.00,1209.00,1317.00,1404.00,1158.00,1314.00,1410.00,1557.00,1626.00,1260.00,1383.00,1542.00,969.00,1212.00,1440.00,1617.00,1662.00,1734.00,1767.00,1767.00,1767.00,1767.00
MI153,867.00,867.00,867.00,867.00,975.00,1086.00,1161.00,1308.00,1362.00,1110.00,1305.00,1368.00,1455.00,1479.00,1272.00,1350.00,1449.00,1038.00,1230.00,1386.00,1476.00,1491.00,1515.00,1545.00,1545.00,1545.00,1545.00
MI154,708.00,708.00,708.00,708.00,792.00,1053.00,1086.00,1125.00,1233.00,1056.00,1122.00,1242.00,1416.00,1461.00,1095.00,1209.00,1404.00,831.00,1089.00,1278.00,1455.00,1614.00,1632.00,1647.00,1647.00,1647.00,1647.00
MI155,1098.00,1098.00,1098.00,1098.00,1245.00,1407.00,1473.00,1704.00,1770.00,1410.00,1701.00,1776.00,1887.00,1941.00,1659.00,1755.00,1875.00,1266.00,1593.00,1797.00,1935.00,1968.00,2025.00,2064.00,2064.00,2064.00,2064.00
MI156,729.00,729.00,729.00,729.00,813.00,888.00,978.00,1107.00,1134.00,927.00,1104.00,1137.00,1188.00,1206.00,1083.00,1128.00,1182.00,858.00,1044.00,1146.00,1203.00,1215.00,1233.00,1260.00,1260.00,1260.00,1260.00
MN158,885.00,885.00,885.00,885.00,981.00,1149.00,1188.00,1350.00,1419.00,1152.00,1347.00,1425.00,1536.00,1557.00,1302.00,1404.00,1530.00,1056.00,1260.00,1449.00,1554.00,1611.00,1626.00,1641.00,1641.00,1641.00,1641.00
MN159,1089.00,1089.00,1089.00,1089.00,1257.00,1404.00,1458.00,1578.00,1683.00,1431.00,1575.00,1692.00,1851.00,1866.00,1512.00,1659.00,1845.00,1395.00,1491.00,1725.00,1863.00,1875.00,1893.00,1929.00,1929.00,1929.00,1929.00
MO160,936.00,936.00,936.00,936.00,1068.00,1140.00,1209.00,1296.00,1320.00,1176.00,1293.00,1323.00,1365.00,1413.00,1278.00,1314.00,1359.00,1131.00,1254.00,1329.00,1410.00,1653.00,1668.00,1686.00,1686.00,1686.00,1686.00
MO161,891.00,891.00,891.00,891.00,987.00,1137.00,1164.00,1263.00,1362.00,1140.00,1260.00,1371.00,1524.00,1563.00,1203.00,1338.00,1515.00,1032.00,1173.00,1401.00,1557.00,1581.00,1620.00,1653.00,1653.00,1653.00,1653.00
MO162,627.00,627.00,627.00,627.00,705.00,873.00,930.00,993.00,1071.00,876.00,984.00,1074.00,1182.00,1260.00,945.00,1038.00,1164.00,732.00,933.00,1083.00,1251.00,1299.00,1380.00,1407.00,1407.00,1407.00,1407.00
MO163,717.00,717.00,717.00,717.00,795.00,918.00,963.00,1092.00,1143.00,921.00,1089.00,1149.00,1239.00,1296.00,1059.00,1131.00,1224.00,852.00,1023.00,1164.00,1287.00,1323.00,1383.00,1410.00,1410.00,1410.00,1410.00
MO164,672.00,672.00,672.00,672.00,783.00,843.00,861.00,915.00,966.00,852.00,912.00,972.00,1065.00,1122.00,882.00,954.00,1050.00,840.00,873.00,990.00,1116.00,1152.00,1212.00,1236.00,1236.00,1236.00,1236.00
MO165,717.00,717.00,717.00,717.00,807.00,873.00,981.00,1101.00,1212.00,891.00,1032.00,1215.00,1239.00,1347.00,1008.00,1155.00,1236.00,849.00,984.00,1218.00,1326.00,1419.00,1569.00,1602.00,1602.00,1602.00,1602.00
MO344,624.00,624.00,624.00,624.00,711.00,921.00,930.00,966.00,1065.00,924.00,960.00,1077.00,1230.00,1245.00,936.00,1044.00,1227.00,753.00,933.00,1110.00,1242.00,1248.00,1260.00,1287.00,1287.00,1287.00,1287.00
MS168,897.00,897.00,897.00,897.00,993.00,1053.00,1119.00,1206.00,1227.00,1086.00,1203.00,1230.00,1284.00,1362.00,1188.00,1221.00,1263.00,1041.00,1164.00,1236.00,1353.00,1401.00,1482.00,1512.00,1512.00,1512.00,1512.00
MS169,696.00,696.00,696.00,696.00,723.00,924.00,984.00,1050.00,1149.00,927.00,1011.00,1152.00,1254.00,1332.00,996.00,1077.00,1233.00,735.00,987.00,1155.00,1320.00,1452.00,1467.00,1482.00,1482.00,1482.00,1482.00
MS170,993.00,993.00,993.00,993.00,1107.00,1173.00,1251.00,1356.00,1398.00,1212.00,1353.00,1401.00,1488.00,1575.00,1329.00,1389.00,1464.00,1161.00,1299.00,1416.00,1563.00,1632.00,1710.00,1746.00,1746.00,1746.00,1746.00
MS171,699.00,699.00,699.00,699.00,795.00,909.00,975.00,1047.00,1137.00,912.00,1005.00,1140.00,1233.00,1323.00,990.00,1080.00,1212.00,843.00,978.00,1143.00,1311.00,1368.00,1458.00,1488.00,1488.00,1488.00,1488.00
MS172,846.00,846.00,846.00,846.00,963.00,1026.00,1068.00,1128.00,1146.00,1047.00,1125.00,1149.00,1191.00,1242.00,1113.00,1143.00,1179.00,1020.00,1098.00,1155.00,1233.00,1377.00,1389.00,1404.00,1404.00,1404.00,1404.00
MT175,651.00,651.00,651.00,651.00,732.00,780.00,879.00,990.00,1077.00,825.00,987.00,1080.00,1095.00,1203.00,975.00,1035.00,1092.00,759.00,939.00,1083.00,1185.00,1269.00,1407.00,1434.00,1434.00,1434.00,1434.00
MT347,735.00,735.00,735.00,735.00,810.00,1095.00,1149.00,1209.00,1257.00,1098.00,1176.00,1260.00,1479.00,1551.00,1161.00,1236.00,1461.00,849.00,1152.00,1290.00,1542.00,1590.00,1665.00,1698.00,1698.00,1698.00,1698.00
NC176,987.00,987.00,987.00,987.00,1131.00,1239.00,1323.00,1446.00,1500.00,1281.00,1443.00,1506.00,1605.00,1668.00,1410.00,1488.00,1587.00,1224.00,1377.00,1524.00,1659.00,1698.00,1764.00,1800.00,1800.00,1800.00,1800.00
NC177,954.00,954.00,954.00,954.00,1113.00,1197.00,1209.00,1230.00,1236.00,1203.00,1227.00,1239.00,1278.00,1410.00,1224.00,1233.00,1251.00,1194.00,1218.00,1242.00,1392.00,1476.00,1611.00,1641.00,1641.00,1641.00,1641.00
NC178,948.00,948.00,948.00,948.00,1062.00,1122.00,1137.00,1179.00,1215.00,1131.00,1176.00,1218.00,1290.00,1356.00,1155.00,1206.00,1272.00,1119.00,1149.00,1230.00,1347.00,1428.00,1455.00,1485.00,1485.00,1485.00,1485.00
NC179,1047.00,1047.00,1047.00,1047.00,1152.00,1218.00,1332.00,1485.00,1536.00,1278.00,1482.00,1542.00,1635.00,1686.00,1446.00,1524.00,1623.00,1203.00,1404.00,1560.00,1677.00,1710.00,1758.00,1794.00,1794.00,1794.00,1794.00
NC180,1005.00,1005.00,1005.00,1005.00,1137.00,1218.00,1305.00,1431.00,1479.00,1263.00,1428.00,1485.00,1572.00,1695.00,1398.00,1467.00,1560.00,1203.00,1365.00,1500.00,1692.00,1998.00,2019.00,2037.00,2037.00,2037.00,2037.00
NC181,1215.00,1215.00,1215.00,1215.00,1305.00,1362.00,1449.00,1575.00,1629.00,1407.00,1572.00,1635.00,1731.00,1791.00,1539.00,1617.00,1716.00,1347.00,1506.00,1653.00,1785.00,1824.00,1887.00,1926.00,1926.00,1926.00,1926.00
NC182,975.00,975.00,975.00,975.00,1062.00,1110.00,1164.00,1224.00,1245.00,1137.00,1221.00,1248.00,1272.00,1407.00,1218.00,1227.00,1266.00,1104.00,1197.00,1251.00,1386.00,1473.00,1611.00,1644.00,1644.00,1644.00,1644.00
NC183,897.00,897.00,897.00,897.00,939.00,969.00,1035.00,1122.00,1140.00,1005.00,1119.00,1143.00,1191.00,1269.00,1104.00,1134.00,1170.00,960.00,1080.00,1146.00,1257.00,1407.00,1419.00,1434.00,1434.00,1434.00,1434.00
NC184,837.00,837.00,837.00,837.00,924.00,978.00,1041.00,1134.00,1176.00,1011.00,1131.00,1179.00,1254.00,1302.00,1107.00,1164.00,1242.00,969.00,1083.00,1191.00,1296.00,1329.00,1380.00,1407.00,1407.00,1407.00,1407.00
NC185,990.00,990.00,990.00,990.00,1131.00,1212.00,1275.00,1347.00,1356.00,1245.00,1344.00,1359.00,1386.00,1443.00,1338.00,1353.00,1374.00,1203.00,1314.00,1362.00,1437.00,1617.00,1635.00,1650.00,1650.00,1650.00,1650.00
NC186,897.00,897.00,897.00,897.00,1008.00,1074.00,1161.00,1284.00,1335.00,1119.00,1281.00,1341.00,1434.00,1491.00,1248.00,1323.00,1419.00,1062.00,1215.00,1356.00,1485.00,1521.00,1581.00,1614.00,1614.00,1614.00,1614.00
NC187,1020.00,1020.00,1020.00,1020.00,1167.00,1254.00,1347.00,1461.00,1485.00,1302.00,1458.00,1488.00,1539.00,1593.00,1443.00,1479.00,1527.00,1242.00,1407.00,1497.00,1584.00,1767.00,1782.00,1800.00,1800.00,1800.00,1800.00
ND188,882.00,882.00,882.00,882.00,978.00,1437.00,1488.00,1545.00,1617.00,1440.00,1512.00,1635.00,1932.00,2004.00,1500.00,1572.00,1914.00,1044.00,1491.00,1695.00,1992.00,2037.00,2109.00,2151.00,2151.00,2151.00,2151.00
ND189,792.00,792.00,792.00,792.00,882.00,1200.00,1215.00,1260.00,1392.00,1203.00,1257.00,1404.00,1605.00,1626.00,1221.00,1362.00,1599.00,939.00,1218.00,1446.00,1623.00,1638.00,1662.00,1695.00,1695.00,1695.00,1695.00
ND190,867.00,867.00,867.00,867.00,975.00,1173.00,1200.00,1353.00,1434.00,1176.00,1350.00,1443.00,1572.00,1611.00,1299.00,1416.00,1563.00,1014.00,1251.00,1470.00,1605.00,1629.00,1668.00,1701.00,1701.00,1701.00,1701.00
ND191,1065.00,1065.00,1065.00,1065.00,1272.00,1743.00,1755.00,1824.00,2016.00,1746.00,1815.00,2037.00,2328.00,2346.00,1761.00,1974.00,2325.00,1326.00,1758.00,2100.00,2343.00,2355.00,2373.00,2418.00,2418.00,2418.00,2418.00
NE192,855.00,855.00,855.00,855.00,951.00,1047.00,1116.00,1260.00,1311.00,1068.00,1257.00,1317.00,1407.00,1452.00,1224.00,1299.00,1395.00,996.00,1185.00,1335.00,1446.00,1503.00,1521.00,1551.00,1551.00,1551.00,1551.00
NE193,744.00,744.00,744.00,744.00,855.00,1068.00,1080.00,1143.00,1251.00,1071.00,1140.00,1263.00,1428.00,1446.00,1086.00,1227.00,1422.00,912.00,1083.00,1296.00,1443.00,1452.00,1470.00,1500.00,1500.00,1500.00,1500.00
NH194,1092.00,1092.00,1092.00,1092.00,1257.00,1581.00,1674.00,1773.00,1896.00,1584.00,1758.00,1908.00,2139.00,2262.00,1692.00,1866.00,2109.00,1293.00,1677.00,1953.00,2244.00,2322.00,2448.00,2496.00,2496.00,2496.00,2496.00
NH195,1287.00,1287.00,1287.00,1287.00,1491.00,1626.00,1722.00,1860.00,1920.00,1677.00,1857.00,1926.00,2055.00,2214.00,1821.00,1905.00,2013.00,1611.00,1785.00,1944.00,2193.00,2295.00,2460.00,2508.00,2508.00,2508.00,2508.00
NJ196,1173.00,1173.00,1173.00,1173.00,1356.00,1548.00,1569.00,1737.00,1863.00,1551.00,1734.00,1875.00,2064.00,2073.00,1656.00,1836.00,2061.00,1470.00,1623.00,1917.00,2070.00,2097.00,2118.00,2139.00,2139.00,2139.00,2139.00
NJ198,1050.00,1050.00,1050.00,1050.00,1209.00,1347.00,1404.00,1512.00,1596.00,1377.00,1509.00,1605.00,1746.00,1818.00,1458.00,1578.00,1728.00,1341.00,1440.00,1632.00,1809.00,1854.00,1929.00,1968.00,1968.00,1968.00,1968.00
NJ200,1791.00,1791.00,1791.00,1791.00,2070.00,2262.00,2397.00,2544.00,2556.00,2331.00,2541.00,2559.00,2592.00,2634.00,2532.00,2553.00,2580.00,2241.00,2484.00,2562.00,2628.00,2655.00,2697.00,2751.00,2751.00,2751.00,2751.00
NJ201,1380.00,1380.00,1380.00,1380.00,1557.00,1896.00,1980.00,2166.00,2307.00,1899.00,2160.00,2319.00,2556.00,2670.00,2073.00,2274.00,2529.00,1605.00,1995.00,2364.00,2655.00,2727.00,2841.00,2898.00,2898.00,2898.00,2898.00
NJ202,1545.00,1545.00,1545.00,1545.00,1878.00,2106.00,2172.00,2565.00,2658.00,2109.00,2562.00,2667.00,2829.00,2916.00,2505.00,2637.00,2808.00,1902.00,2352.00,2700.00,2904.00,2961.00,3048.00,3111.00,3111.00,3111.00,3111.00
NJ203,1356.00,1356.00,1356.00,1356.00,1566.00,2034.00,2154.00,2283.00,2415.00,2037.00,2205.00,2418.00,2751.00,2910.00,2178.00,2340.00,2712.00,1677.00,2157.00,2433.00,2889.00,2988.00,3153.00,3216.00,3216.00,3216.00,3216.00
NJ204,1314.00,1314.00,1314.00,1314.00,1470.00,1662.00,1764.00,2013.00,2091.00,1671.00,2010.00,2100.00,2223.00,2241.00,1962.00,2073.00,2217.00,1542.00,1890.00,2124.00,2238.00,2250.00,2268.00,2313.00,2313.00,2313.00,2313.00
NM205,708.00,708.00,708.00,708.00,771.00,876.00,951.00,1059.00,1128.00,879.00,1056.00,1131.00,1194.00,1290.00,1029.00,1089.00,1170.00,801.00,990.00,1134.00,1278.00,1386.00,1440.00,1470.00,1470.00,1470.00,1470.00
NM206,939.00,939.00,939.00,939.00,1044.00,1107.00,1203.00,1311.00,1323.00,1158.00,1308.00,1326.00,1347.00,1359.00,1302.00,1320.00,1344.00,1095.00,1266.00,1329.00,1356.00,1362.00,1371.00,1398.00,1398.00,1398.00,1398.00
NM207,795.00,795.00,795.00,795.00,921.00,1020.00,1098.00,1254.00,1293.00,1023.00,1251.00,1299.00,1383.00,1491.00,1227.00,1284.00,1359.00,930.00,1170.00,1311.00,1476.00,1542.00,1650.00,1683.00,1683.00,1683.00,1683.00
NM209,753.00,753.00,753.00,753.00,867.00,888.00,1011.00,1164.00,1170.00,945.00,1161.00,1173.00,1197.00,1251.00,1155.00,1167.00,1182.00,870.00,1101.00,1176.00,1242.00,1278.00,1332.00,1359.00,1359.00,1359.00,1359.00
NM210,954.00,954.00,954.00,954.00,1074.00,1170.00,1251.00,1401.00,1461.00,1203.00,1398.00,1467.00,1581.00,1659.00,1359.00,1446.00,1560.00,1131.00,1320.00,1488.00,1647.00,1698.00,1776.00,1812.00,1812.00,1812.00,1812.00
NV211,624.00,624.00,624.00,624.00,699.00,771.00,843.00,942.00,1011.00,798.00,939.00,1014.00,1050.00,1149.00,918.00,966.00,1035.00,744.00,888.00,1017.00,1134.00,1209.00,1296.00,1323.00,1323.00,1323.00,1323.00
NV212,993.00,993.00,993.00,993.00,1083.00,1146.00,1245.00,1356.00,1362.00,1197.00,1353.00,1365.00,1386.00,1443.00,1347.00,1359.00,1374.00,1131.00,1311.00,1368.00,1434.00,1470.00,1530.00,1560.00,1560.00,1560.00,1560.00
NV213,804.00,804.00,804.00,804.00,894.00,1080.00,1140.00,1227.00,1308.00,1083.00,1224.00,1317.00,1458.00,1539.00,1173.00,1290.00,1440.00,969.00,1143.00,1344.00,1527.00,1578.00,1662.00,1695.00,1695.00,1695.00,1695.00
NY215,1107.00,1107.00,1107.00,1107.00,1248.00,1464.00,1524.00,1722.00,1809.00,1467.00,1719.00,1818.00,1971.00,2052.00,1665.00,1791.00,1950.00,1272.00,1596.00,1848.00,2040.00,2154.00,2175.00,2217.00,2217.00,2217.00,2217.00
NY216,1026.00,1026.00,1026.00,1026.00,1203.00,1263.00,1380.00,1623.00,1644.00,1278.00,1620.00,1647.00,1689.00,1716.00,1605.00,1638.00,1683.00,1209.00,1524.00,1653.00,1713.00,1761.00,1779.00,1797.00,1797.00,1797.00,1797.00
NY217,1749.00,1749.00,1749.00,1749.00,2028.00,2187.00,2355.00,2748.00,2811.00,2190.00,2745.00,2817.00,2925.00,2967.00,2706.00,2796.00,2916.00,2046.00,2577.00,2838.00,2961.00,2985.00,3027.00,3090.00,3090.00,3090.00,3090.00
NY218,2013.00,2013.00,2013.00,2013.00,2322.00,2499.00,2667.00,2901.00,2994.00,2586.00,2898.00,3003.00,3153.00,3195.00,2841.00,2973.00,3141.00,2472.00,2778.00,3033.00,3189.00,3216.00,3258.00,3324.00,3324.00,3324.00,3324.00
NY219,2610.00,2610.00,2610.00,2610.00,2997.00,3228.00,3492.00,3765.00,3771.00,3366.00,3762.00,3774.00,3807.00,3927.00,3759.00,3768.00,3780.00,3189.00,3663.00,3777.00,3912.00,3987.00,4113.00,4194.00,4194.00,4194.00,4194.00
NY221,966.00,966.00,966.00,966.00,1095.00,1323.00,1350.00,1521.00,1614.00,1326.00,1518.00,1623.00,1773.00,1809.00,1461.00,1593.00,1764.00,1119.00,1401.00,1656.00,1803.00,2025.00,2043.00,2064.00,2064.00,2064.00,2064.00
NY222,882.00,882.00,882.00,882.00,1005.00,1134.00,1197.00,1377.00,1428.00,1137.00,1374.00,1434.00,1533.00,1614.00,1341.00,1416.00,1512.00,1020.00,1284.00,1452.00,1605.00,1656.00,1740.00,1776.00,1776.00,1776.00,1776.00
NY223,825.00,825.00,825.00,825.00,921.00,1065.00,1137.00,1227.00,1365.00,1068.00,1224.00,1368.00,1443.00,1617.00,1179.00,1284.00,1425.00,969.00,1143.00,1371.00,1614.00,1866.00,1884.00,1902.00,1902.00,1902.00,1902.00
NY225,1038.00,1038.00,1038.00,1038.00,1206.00,1305.00,1389.00,1518.00,1596.00,1347.00,1515.00,1599.00,1716.00,1866.00,1476.00,1563.00,1677.00,1290.00,1446.00,1605.00,1845.00,1941.00,2097.00,2139.00,2139.00,2139.00,2139.00
NY349,1848.00,1848.00,1848.00,1848.00,2091.00,2355.00,2472.00,2640.00,2790.00,2415.00,2637.00,2793.00,2901.00,3180.00,2592.00,2697.00,2844.00,2337.00,2547.00,2796.00,3141.00,3318.00,3603.00,3675.00,3675.00,3675.00,3675.00
NY413,1578.00,1578.00,1578.00,1578.00,1773.00,2094.00,2202.00,2451.00,2583.00,2097.00,2445.00,2595.00,2829.00,2973.00,2364.00,2553.00,2793.00,1809.00,2271.00,2637.00,2955.00,3048.00,3195.00,3261.00,3261.00,3261.00,3261.00
OH227,876.00,876.00,876.00,876.00,954.00,999.00,1047.00,1131.00,1182.00,1023.00,1128.00,1188.00,1272.00,1380.00,1095.00,1170.00,1266.00,990.00,1077.00,1206.00,1377.00,1650.00,1668.00,1683.00,1683.00,1683.00,1683.00
OH228,1026.00,1026.00,1026.00,1026.00,1167.00,1383.00,1413.00,1566.00,1674.00,1386.00,1563.00,1683.00,1854.00,1896.00,1497.00,1650.00,1842.00,1236.00,1452.00,1719.00,1890.00,1968.00,1986.00,2007.00,2007.00,2007.00,2007.00
OH229,915.00,915.00,915.00,915.00,1059.00,1125.00,1233.00,1431.00,1455.00,1149.00,1428.00,1458.00,1503.00,1527.00,1410.00,1449.00,1500.00,1065.00,1347.00,1467.00,1524.00,1548.00,1563.00,1590.00,1590.00,1590.00,1590.00
OH230,828.00,828.00,828.00,828.00,951.00,1032.00,1110.00,1194.00,1299.00,1053.00,1191.00,1302.00,1401.00,1506.00,1149.00,1248.00,1377.00,1011.00,1125.00,1305.00,1491.00,1563.00,1665.00,1698.00,1698.00,1698.00,1698.00
OH231,885.00,885.00,885.00,885.00,1005.00,1068.00,1101.00,1164.00,1236.00,1086.00,1161.00,1239.00,1308.00,1419.00,1134.00,1197.00,1281.00,1062.00,1122.00,1242.00,1404.00,1476.00,1590.00,1623.00,1623.00,1623.00,1623.00
OH232,780.00,780.00,780.00,780.00,882.00,939.00,993.00,1074.00,1107.00,969.00,1071.00,1110.00,1170.00,1218.00,1047.00,1098.00,1164.00,933.00,1029.00,1122.00,1215.00,1422.00,1434.00,1449.00,1449.00,1449.00,1449.00
OH233,669.00,669.00,669.00,669.00,777.00,822.00,900.00,1047.00,1065.00,837.00,1044.00,1068.00,1098.00,1119.00,1035.00,1059.00,1095.00,780.00,984.00,1071.00,1116.00,1131.00,1152.00,1176.00,1176.00,1176.00,1176.00
OK235,606.00,606.00,606.00,606.00,714.00,777.00,810.00,858.00,939.00,780.00,855.00,942.00,1047.00,1131.00,816.00,912.00,1038.00,765.00,813.00,957.00,1128.00,1314.00,1329.00,1341.00,1341.00,1341.00,1341.00
OK236,735.00,735.00,735.00,735.00,876.00,996.00,1038.00,1203.00,1251.00,999.00,1200.00,1254.00,1341.00,1395.00,1170.00,1239.00,1326.00,891.00,1104.00,1269.00,1389.00,1512.00,1527.00,1542.00,1542.00,1542.00,1542.00
OK237,759.00,759.00,759.00,759.00,876.00,933.00,1029.00,1140.00,1242.00,942.00,1074.00,1245.00,1269.00,1407.00,1050.00,1194.00,1263.00,930.00,1032.00,1248.00,1386.00,1476.00,1617.00,1650.00,1650.00,1650.00,1650.00
OK239,846.00,846.00,846.00,846.00,975.00,1047.00,1098.00,1173.00,1236.00,1074.00,1170.00,1239.00,1278.00,1407.00,1152.00,1191.00,1257.00,1038.00,1131.00,1242.00,1389.00,1473.00,1605.00,1638.00,1638.00,1638.00,1638.00
OK240,801.00,801.00,801.00,801.00,936.00,1011.00,1059.00,1140.00,1215.00,1035.00,1137.00,1218.00,1302.00,1398.00,1107.00,1182.00,1278.00,1005.00,1089.00,1221.00,1386.00,1509.00,1545.00,1578.00,1578.00,1578.00,1578.00
OR241,744.00,744.00,744.00,744.00,855.00,1008.00,1035.00,1182.00,1245.00,1011.00,1179.00,1251.00,1353.00,1392.00,1140.00,1230.00,1344.00,873.00,1089.00,1272.00,1386.00,1410.00,1446.00,1476.00,1476.00,1476.00,1476.00
OR242,804.00,804.00,804.00,804.00,903.00,963.00,1041.00,1149.00,1209.00,1002.00,1146.00,1212.00,1308.00,1413.00,1113.00,1188.00,1281.00,954.00,1086.00,1221.00,1398.00,1464.00,1572.00,1605.00,1605.00,1605.00,1605.00
OR243,1113.00,1113.00,1113.00,1113.00,1278.00,1377.00,1491.00,1641.00,1692.00,1437.00,1638.00,1698.00,1791.00,1857.00,1608.00,1680.00,1776.00,1359.00,1566.00,1716.00,1848.00,1887.00,1956.00,1995.00,1995.00,1995.00,1995.00
OR244,756.00,756.00,756.00,756.00,843.00,957.00,1020.00,1155.00,1200.00,966.00,1152.00,1206.00,1296.00,1380.00,1122.00,1191.00,1275.00,894.00,1083.00,1221.00,1368.00,1422.00,1506.00,1536.00,1536.00,1536.00,1536.00
OR245,807.00,807.00,807.00,807.00,945.00,1095.00,1131.00,1200.00,1302.00,1098.00,1197.00,1311.00,1473.00,1518.00,1137.00,1278.00,1461.00,1011.00,1134.00,1344.00,1512.00,1728.00,1746.00,1764.00,1764.00,1764.00,1764.00
OR246,1011.00,1011.00,1011.00,1011.00,1182.00,1296.00,1353.00,1422.00,1437.00,1326.00,1419.00,1440.00,1476.00,1545.00,1410.00,1431.00,1461.00,1290.00,1389.00,1443.00,1533.00,1578.00,1647.00,1680.00,1680.00,1680.00,1680.00
OR373,591.00,591.00,591.00,591.00,678.00,786.00,843.00,903.00,972.00,789.00,891.00,975.00,1068.00,1140.00,855.00,939.00,1050.00,723.00,846.00,978.00,1131.00,1179.00,1254.00,1278.00,1278.00,1278.00,1278.00
PA247,999.00,999.00,999.00,999.00,1128.00,1287.00,1299.00,1419.00,1533.00,1290.00,1413.00,1545.00,1719.00,1734.00,1344.00,1509.00,1716.00,1191.00,1317.00,1581.00,1731.00,1842.00,1860.00,1878.00,1878.00,1878.00,1878.00
PA248,1431.00,1431.00,1431.00,1431.00,1620.00,1731.00,1845.00,1968.00,1974.00,1791.00,1965.00,1977.00,2004.00,2100.00,1962.00,1971.00,1983.00,1713.00,1920.00,1980.00,2085.00,2148.00,2247.00,2292.00,2292.00,2292.00,2292.00
PA249,1329.00,1329.00,1329.00,1329.00,1491.00,1650.00,1785.00,2031.00,2097.00,1689.00,2028.00,2103.00,2208.00,2232.00,1986.00,2082.00,2202.00,1557.00,1914.00,2124.00,2229.00,2244.00,2271.00,2316.00,2316.00,2316.00,2316.00
PA250,1020.00,1020.00,1020.00,1020.00,1146.00,1326.00,1398.00,1575.00,1650.00,1329.00,1572.00,1656.00,1791.00,1941.00,1527.00,1632.00,1767.00,1188.00,1470.00,1680.00,1938.00,2235.00,2256.00,2280.00,2280.00,2280.00,2280.00
PA252,942.00,942.00,942.00,942.00,1110.00,1215.00,1257.00,1353.00,1425.00,1236.00,1350.00,1431.00,1560.00,1647.00,1305.00,1407.00,1539.00,1206.00,1287.00,1455.00,1635.00,1689.00,1776.00,1812.00,1812.00,1812.00,1812.00
PA253,798.00,798.00,798.00,798.00,930.00,1086.00,1122.00,1176.00,1281.00,1089.00,1170.00,1290.00,1458.00,1509.00,1131.00,1257.00,1446.00,1017.00,1125.00,1323.00,1500.00,1533.00,1584.00,1617.00,1617.00,1617.00,1617.00
PA254,966.00,966.00,966.00,966.00,1083.00,1155.00,1242.00,1365.00,1416.00,1200.00,1362.00,1422.00,1509.00,1548.00,1329.00,1404.00,1500.00,1140.00,1296.00,1437.00,1542.00,1566.00,1605.00,1638.00,1638.00,1638.00,1638.00
PA255,1248.00,1248.00,1248.00,1248.00,1353.00,1437.00,1521.00,1680.00,1770.00,1473.00,1677.00,1779.00,1929.00,1986.00,1623.00,1749.00,1914.00,1407.00,1584.00,1809.00,1977.00,2013.00,2073.00,2115.00,2115.00,2115.00,2115.00
PA383,606.00,606.00,606.00,606.00,657.00,693.00,756.00,834.00,852.00,726.00,831.00,855.00,891.00,969.00,822.00,846.00,879.00,681.00,798.00,858.00,966.00,1128.00,1137.00,1149.00,1149.00,1149.00,1149.00
RI256,1149.00,1149.00,1149.00,1149.00,1287.00,1647.00,1710.00,1812.00,1959.00,1650.00,1806.00,1974.00,2217.00,2304.00,1725.00,1926.00,2193.00,1347.00,1713.00,2022.00,2292.00,2346.00,2436.00,2484.00,2484.00,2484.00,2484.00
RI257,1275.00,1275.00,1275.00,1275.00,1428.00,1563.00,1707.00,1887.00,1938.00,1638.00,1884.00,1944.00,2037.00,2112.00,1854.00,1926.00,2019.00,1542.00,1800.00,1959.00,2100.00,2148.00,2226.00,2271.00,2271.00,2271.00,2271.00
SC258,963.00,963.00,963.00,963.00,1077.00,1137.00,1179.00,1272.00,1353.00,1158.00,1269.00,1359.00,1497.00,1560.00,1218.00,1332.00,1479.00,1131.00,1203.00,1386.00,1551.00,1593.00,1659.00,1692.00,1692.00,1692.00,1692.00
SC259,1146.00,1146.00,1146.00,1146.00,1278.00,1356.00,1443.00,1563.00,1608.00,1401.00,1560.00,1614.00,1701.00,1761.00,1530.00,1599.00,1686.00,1341.00,1497.00,1629.00,1752.00,1791.00,1854.00,1893.00,1893.00,1893.00,1893.00
SC260,1032.00,1032.00,1032.00,1032.00,1182.00,1266.00,1341.00,1446.00,1485.00,1305.00,1443.00,1488.00,1566.00,1623.00,1416.00,1476.00,1551.00,1254.00,1389.00,1503.00,1614.00,1746.00,1764.00,1782.00,1782.00,1782.00,1782.00
SC261,927.00,927.00,927.00,927.00,1074.00,1149.00,1173.00,1242.00,1311.00,1161.00,1239.00,1317.00,1437.00,1500.00,1194.00,1293.00,1419.00,1146.00,1188.00,1338.00,1491.00,1635.00,1650.00,1668.00,1668.00,1668.00,1668.00
SC262,912.00,912.00,912.00,912.00,1008.00,1107.00,1155.00,1284.00,1359.00,1113.00,1281.00,1365.00,1491.00,1557.00,1236.00,1341.00,1476.00,1056.00,1206.00,1389.00,1548.00,1608.00,1656.00,1689.00,1689.00,1689.00,1689.00
SC263,882.00,882.00,882.00,882.00,927.00,954.00,999.00,1095.00,1197.00,957.00,1038.00,1200.00,1242.00,1359.00,1017.00,1137.00,1224.00,951.00,1002.00,1203.00,1344.00,1425.00,1539.00,1572.00,1572.00,1572.00,1572.00
SD264,774.00,774.00,774.00,774.00,885.00,1095.00,1131.00,1173.00,1266.00,1098.00,1149.00,1278.00,1473.00,1521.00,1140.00,1239.00,1458.00,939.00,1134.00,1317.00,1515.00,1548.00,1599.00,1632.00,1632.00,1632.00,1632.00
SD265,738.00,738.00,738.00,738.00,828.00,987.00,1023.00,1146.00,1212.00,990.00,1143.00,1218.00,1326.00,1377.00,1104.00,1197.00,1314.00,846.00,1059.00,1239.00,1368.00,1401.00,1449.00,1479.00,1479.00,1479.00,1479.00
TN266,1005.00,1005.00,1005.00,1005.00,1140.00,1215.00,1266.00,1344.00,1386.00,1242.00,1341.00,1392.00,1473.00,1530.00,1314.00,1377.00,1458.00,1209.00,1296.00,1407.00,1521.00,1590.00,1620.00,1650.00,1650.00,1650.00,1650.00
TN267,846.00,846.00,846.00,846.00,999.00,1080.00,1101.00,1152.00,1197.00,1089.00,1149.00,1200.00,1290.00,1371.00,1122.00,1188.00,1269.00,1077.00,1113.00,1215.00,1359.00,1410.00,1494.00,1524.00,1524.00,1524.00,1524.00
TN268,1014.00,1014.00,1014.00,1014.00,1152.00,1230.00,1311.00,1413.00,1431.00,1275.00,1410.00,1434.00,1473.00,1500.00,1395.00,1428.00,1467.00,1218.00,1365.00,1440.00,1494.00,1512.00,1536.00,1569.00,1569.00,1569.00,1569.00
TN269,1230.00,1230.00,1230.00,1230.00,1332.00,1407.00,1572.00,1755.00,1770.00,1494.00,1752.00,1773.00,1797.00,1809.00,1743.00,1767.00,1794.00,1380.00,1680.00,1776.00,1806.00,1815.00,1824.00,1863.00,1863.00,1863.00,1863.00
TN353,699.00,699.00,699.00,699.00,810.00,882.00,918.00,966.00,1047.00,885.00,963.00,1056.00,1188.00,1236.00,927.00,1029.00,1176.00,864.00,921.00,1083.00,1230.00,1356.00,1371.00,1383.00,1383.00,1383.00,1383.00
TX270,741.00,741.00,741.00,741.00,861.00,957.00,1002.00,1095.00,1164.00,966.00,1092.00,1170.00,1290.00,1353.00,1050.00,1149.00,1275.00,927.00,1029.00,1194.00,1344.00,1392.00,1449.00,1476.00,1476.00,1476.00,1476.00
TX272,1107.00,1107.00,1107.00,1107.00,1272.00,1392.00,1479.00,1602.00,1647.00,1437.00,1599.00,1653.00,1731.00,1761.00,1569.00,1638.00,1722.00,1380.00,1539.00,1668.00,1758.00,1779.00,1812.00,1848.00,1848.00,1848.00,1848.00
TX273,1035.00,1035.00,1035.00,1035.00,1188.00,1278.00,1353.00,1440.00,1446.00,1317.00,1437.00,1449.00,1470.00,1719.00,1431.00,1443.00,1455.00,1266.00,1404.00,1452.00,1716.00,2085.00,2106.00,2127.00,2127.00,2127.00,2127.00
TX274,807.00,807.00,807.00,807.00,864.00,1008.00,1098.00,1194.00,1290.00,1011.00,1158.00,1293.00,1374.00,1494.00,1119.00,1239.00,1344.00,894.00,1101.00,1296.00,1476.00,1554.00,1674.00,1710.00,1710.00,1710.00,1710.00
TX275,1071.00,1071.00,1071.00,1071.00,1212.00,1506.00,1542.00,1653.00,1791.00,1509.00,1647.00,1803.00,2019.00,2070.00,1563.00,1758.00,2007.00,1293.00,1545.00,1848.00,2064.00,2097.00,2148.00,2190.00,2190.00,2190.00,2190.00
TX277,1203.00,1203.00,1203.00,1203.00,1335.00,1512.00,1614.00,1827.00,1899.00,1536.00,1824.00,1905.00,2022.00,2049.00,1779.00,1881.00,2013.00,1425.00,1719.00,1929.00,2046.00,2064.00,2091.00,2133.00,2133.00,2133.00,2133.00
TX278,723.00,723.00,723.00,723.00,819.00,1062.00,1113.00,1170.00,1257.00,1065.00,1155.00,1266.00,1434.00,1503.00,1125.00,1236.00,1416.00,846.00,1116.00,1299.00,1491.00,1536.00,1605.00,1638.00,1638.00,1638.00,1638.00
TX279,900.00,900.00,900.00,900.00,1044.00,1122.00,1188.00,1281.00,1320.00,1158.00,1278.00,1323.00,1395.00,1440.00,1254.00,1311.00,1383.00,1113.00,1230.00,1338.00,1434.00,1464.00,1509.00,1539.00,1539.00,1539.00,1539.00
TX281,927.00,927.00,927.00,927.00,1059.00,1224.00,1269.00,1314.00,1413.00,1227.00,1287.00,1428.00,1647.00,1704.00,1278.00,1383.00,1632.00,1125.00,1272.00,1473.00,1698.00,1734.00,1794.00,1830.00,1830.00,1830.00,1830.00
TX282,1077.00,1077.00,1077.00,1077.00,1218.00,1503.00,1572.00,1701.00,1818.00,1506.00,1695.00,1827.00,2025.00,2118.00,1623.00,1791.00,2001.00,1248.00,1575.00,1866.00,2106.00,2166.00,2259.00,2304.00,2304.00,2304.00,2304.00
TX283,771.00,771.00,771.00,771.00,879.00,939.00,981.00,1089.00,1230.00,957.00,1047.00,1233.00,1281.00,1434.00,1014.00,1137.00,1278.00,933.00,1002.00,1236.00,1431.00,1629.00,1647.00,1662.00,1662.00,1662.00,1662.00
TX284,861.00,861.00,861.00,861.00,960.00,1140.00,1203.00,1320.00,1395.00,1143.00,1317.00,1404.00,1539.00,1626.00,1269.00,1377.00,1518.00,1029.00,1227.00,1428.00,1614.00,1671.00,1761.00,1794.00,1794.00,1794.00,1794.00
TX285,1098.00,1098.00,1098.00,1098.00,1230.00,1350.00,1473.00,1608.00,1617.00,1416.00,1605.00,1620.00,1632.00,1644.00,1599.00,1614.00,1629.00,1332.00,1554.00,1623.00,1641.00,1647.00,1659.00,1692.00,1692.00,1692.00,1692.00
TX286,966.00,966.00,966.00,966.00,1086.00,1149.00,1155.00,1182.00,1212.00,1152.00,1179.00,1215.00,1287.00,1389.00,1161.00,1203.00,1263.00,1146.00,1158.00,1224.00,1374.00,1437.00,1542.00,1572.00,1572.00,1572.00,1572.00
TX288,798.00,798.00,798.00,798.00,912.00,993.00,1068.00,1155.00,1248.00,1032.00,1152.00,1251.00,1287.00,1401.00,1143.00,1173.00,1284.00,981.00,1116.00,1254.00,1398.00,1545.00,1590.00,1623.00,1623.00,1623.00,1623.00
TX356,1143.00,1143.00,1143.00,1143.00,1311.00,1407.00,1509.00,1617.00,1623.00,1461.00,1614.00,1626.00,1635.00,1671.00,1611.00,1620.00,1632.00,1392.00,1575.00,1629.00,1665.00,1689.00,1725.00,1758.00,1758.00,1758.00,1758.00
TX415,774.00,774.00,774.00,774.00,879.00,936.00,981.00,1062.00,1131.00,957.00,1059.00,1134.00,1251.00,1329.00,1017.00,1113.00,1230.00,930.00,1002.00,1155.00,1317.00,1380.00,1446.00,1476.00,1476.00,1476.00,1476.00
UT291,714.00,714.00,714.00,714.00,843.00,918.00,954.00,1032.00,1092.00,939.00,1029.00,1098.00,1203.00,1269.00,993.00,1077.00,1185.00,915.00,978.00,1116.00,1260.00,1302.00,1371.00,1398.00,1398.00,1398.00,1398.00
UT292,906.00,906.00,906.00,906.00,1041.00,1122.00,1212.00,1329.00,1365.00,1170.00,1326.00,1368.00,1446.00,1527.00,1302.00,1356.00,1425.00,1110.00,1269.00,1383.00,1515.00,1566.00,1647.00,1680.00,1680.00,1680.00,1680.00
UT357,888.00,888.00,888.00,888.00,939.00,972.00,1023.00,1116.00,1176.00,999.00,1113.00,1182.00,1278.00,1302.00,1077.00,1161.00,1269.00,963.00,1056.00,1200.00,1299.00,1317.00,1344.00,1371.00,1371.00,1371.00,1371.00
VA295,1233.00,1233.00,1233.00,1233.00,1362.00,1437.00,1536.00,1653.00,1671.00,1488.00,1650.00,1674.00,1710.00,1731.00,1638.00,1665.00,1704.00,1422.00,1602.00,1680.00,1728.00,1908.00,1926.00,1944.00,1944.00,1944.00,1944.00
VA296,1443.00,1443.00,1443.00,1443.00,1542.00,1608.00,1716.00,1854.00,1884.00,1665.00,1851.00,1887.00,1959.00,2043.00,1830.00,1878.00,1938.00,1590.00,1788.00,1899.00,2031.00,2085.00,2169.00,2211.00,2211.00,2211.00,2211.00
VA297,1110.00,1110.00,1110.00,1110.00,1305.00,1413.00,1485.00,1584.00,1617.00,1449.00,1581.00,1623.00,1704.00,1815.00,1557.00,1611.00,1677.00,1401.00,1530.00,1635.00,1800.00,1872.00,1986.00,2028.00,2028.00,2028.00,2028.00
VA298,1173.00,1173.00,1173.00,1173.00,1278.00,1341.00,1422.00,1563.00,1650.00,1383.00,1560.00,1659.00,1806.00,1884.00,1509.00,1632.00,1788.00,1329.00,1476.00,1686.00,1875.00,1923.00,2004.00,2043.00,2043.00,2043.00,2043.00
VA301,975.00,975.00,975.00,975.00,1173.00,1272.00,1278.00,1317.00,1374.00,1275.00,1314.00,1377.00,1476.00,1536.00,1284.00,1359.00,1461.00,1269.00,1281.00,1395.00,1527.00,1566.00,1626.00,1659.00,1659.00,1659.00,1659.00
VA302,1611.00,1611.00,1611.00,1611.00,1827.00,1959.00,2109.00,2271.00,2277.00,2037.00,2268.00,2280.00,2289.00,2298.00,2265.00,2274.00,2286.00,1935.00,2208.00,2283.00,2295.00,2301.00,2310.00,2355.00,2355.00,2355.00,2355.00
VA303,828.00,828.00,828.00,828.00,924.00,1023.00,1047.00,1125.00,1218.00,1026.00,1122.00,1227.00,1371.00,1401.00,1065.00,1197.00,1365.00,969.00,1050.00,1257.00,1398.00,1416.00,1449.00,1476.00,1476.00,1476.00,1476.00
VA362,855.00,855.00,855.00,855.00,927.00,978.00,1059.00,1176.00,1221.00,1020.00,1173.00,1227.00,1308.00,1356.00,1146.00,1212.00,1296.00,963.00,1116.00,1242.00,1350.00,1380.00,1431.00,1461.00,1461.00,1461.00,1461.00
VA368,1254.00,1254.00,1254.00,1254.00,1395.00,1479.00,1581.00,1710.00,1743.00,1533.00,1707.00,1746.00,1824.00,1917.00,1686.00,1737.00,1800.00,1464.00,1647.00,1758.00,1905.00,1965.00,2061.00,2103.00,2103.00,2103.00,2103.00
VT305,1428.00,1428.00,1428.00,1428.00,1644.00,1764.00,1830.00,1956.00,2043.00,1800.00,1953.00,2052.00,2208.00,2304.00,1899.00,2025.00,2184.00,1752.00,1875.00,2082.00,2292.00,2382.00,2454.00,2502.00,2502.00,2502.00,2502.00
WA306,999.00,999.00,999.00,999.00,1080.00,1137.00,1248.00,1377.00,1395.00,1197.00,1374.00,1398.00,1452.00,1563.00,1362.00,1389.00,1425.00,1122.00,1323.00,1404.00,1548.00,1620.00,1734.00,1770.00,1770.00,1770.00,1770.00
WA307,1233.00,1233.00,1233.00,1233.00,1347.00,1422.00,1545.00,1704.00,1755.00,1485.00,1701.00,1758.00,1851.00,1920.00,1671.00,1743.00,1833.00,1404.00,1626.00,1776.00,1911.00,1953.00,2025.00,2067.00,2067.00,2067.00,2067.00
WA308,720.00,720.00,720.00,720.00,825.00,999.00,1053.00,1110.00,1185.00,1002.00,1092.00,1194.00,1350.00,1422.00,1065.00,1164.00,1332.00,888.00,1056.00,1224.00,1410.00,1458.00,1530.00,1563.00,1563.00,1563.00,1563.00
WA309,1404.00,1404.00,1404.00,1404.00,1584.00,1746.00,1824.00,2034.00,2148.00,1761.00,2028.00,2157.00,2346.00,2415.00,1959.00,2121.00,2328.00,1671.00,1911.00,2196.00,2406.00,2451.00,2523.00,2571.00,2571.00,2571.00,2571.00
WA310,786.00,786.00,786.00,786.00,918.00,990.00,1050.00,1143.00,1188.00,1020.00,1140.00,1191.00,1278.00,1344.00,1110.00,1176.00,1260.00,981.00,1089.00,1206.00,1335.00,1377.00,1449.00,1476.00,1476.00,1476.00,1476.00
WA311,1005.00,1005.00,1005.00,1005.00,1134.00,1272.00,1338.00,1509.00,1581.00,1281.00,1506.00,1587.00,1713.00,1794.00,1464.00,1566.00,1695.00,1200.00,1419.00,1611.00,1782.00,1833.00,1914.00,1953.00,1953.00,1953.00,1953.00
WA312,795.00,795.00,795.00,795.00,915.00,1056.00,1107.00,1191.00,1275.00,1059.00,1188.00,1284.00,1425.00,1491.00,1137.00,1257.00,1410.00,981.00,1110.00,1311.00,1482.00,1524.00,1593.00,1626.00,1626.00,1626.00,1626.00
WA313,732.00,732.00,732.00,732.00,819.00,1047.00,1083.00,1140.00,1239.00,1050.00,1137.00,1248.00,1407.00,1455.00,1089.00,1218.00,1395.00,873.00,1086.00,1281.00,1449.00,1479.00,1527.00,1557.00,1557.00,1557.00,1557.00
WI316,1005.00,1005.00,1005.00,1005.00,1164.00,1320.00,1398.00,1596.00,1659.00,1323.00,1593.00,1665.00,1785.00,1887.00,1551.00,1644.00,1761.00,1182.00,1479.00,1686.00,1875.00,1938.00,2043.00,2085.00,2085.00,2085.00,2085.00
WI317,1149.00,1149.00,1149.00,1149.00,1335.00,1434.00,1503.00,1608.00,1659.00,1470.00,1605.00,1662.00,1752.00,1812.00,1575.00,1647.00,1740.00,1425.00,1548.00,1680.00,1803.00,1839.00,1899.00,1938.00,1938.00,1938.00,1938.00
WI318,780.00,780.00,780.00,780.00,858.00,906.00,969.00,1053.00,1086.00,939.00,1050.00,1089.00,1146.00,1185.00,1032.00,1077.00,1137.00,897.00,1008.00,1098.00,1182.00,1206.00,1245.00,1272.00,1272.00,1272.00,1272.00
WI359,645.00,645.00,645.00,645.00,720.00,795.00,864.00,978.00,1008.00,822.00,975.00,1011.00,1065.00,1095.00,957.00,1002.00,1059.00,762.00,924.00,1023.00,1092.00,1110.00,1140.00,1164.00,1164.00,1164.00,1164.00
WV320,819.00,819.00,819.00,819.00,915.00,1245.00,1278.00,1317.00,1449.00,1248.00,1302.00,1455.00,1671.00,1734.00,1287.00,1413.00,1659.00,963.00,1281.00,1500.00,1731.00,2016.00,2037.00,2055.00,2055.00,2055.00,2055.00
WV322,855.00,855.00,855.00,855.00,960.00,1044.00,1146.00,1305.00,1338.00,1086.00,1302.00,1341.00,1404.00,1455.00,1281.00,1329.00,1392.00,999.00,1233.00,1353.00,1446.00,1479.00,1530.00,1560.00,1560.00,1560.00,1560.00
WV323,855.00,855.00,855.00,855.00,927.00,969.00,1023.00,1119.00,1203.00,996.00,1101.00,1206.00,1275.00,1395.00,1068.00,1164.00,1245.00,963.00,1050.00,1209.00,1377.00,1455.00,1575.00,1608.00,1608.00,1608.00,1608.00
WV454,909.00,909.00,909.00,909.00,1035.00,1125.00,1167.00,1215.00,1323.00,1128.00,1209.00,1335.00,1515.00,1572.00,1179.00,1299.00,1500.00,1098.00,1170.00,1371.00,1563.00,1626.00,1662.00,1695.00,1695.00,1695.00,1695.00
WY324,720.00,720.00,720.00,720.00,810.00,1164.00,1182.00,1203.00,1320.00,1167.00,1191.00,1335.00,1557.00,1584.00,1188.00,1287.00,1551.00,849.00,1185.00,1380.00,1581.00,1596.00,1623.00,1656.00,1656.00,1656.00,1656.00
ZZ510,672.00,672.00,672.00,672.00,765.00,846.00,891.00,996.00,1047.00,858.00,993.00,1050.00,1140.00,1188.00,960.00,1035.00,1128.00,813.00,936.00,1068.00,1182.00,1215.00,1263.00,1290.00,1290.00,1290.00,1290.00
ZZ520,684.00,684.00,684.00,684.00,780.00,861.00,909.00,1014.00,1065.00,876.00,1011.00,1071.00,1161.00,1212.00,981.00,1053.00,1149.00,828.00,954.00,1089.00,1203.00,1236.00,1287.00,1314.00,1314.00,1314.00,1314.00
ZZ530,699.00,699.00,699.00,699.00,798.00,879.00,927.00,1035.00,1086.00,894.00,1032.00,1092.00,1182.00,1233.00,999.00,1074.00,1170.00,846.00,972.00,1107.00,1227.00,1260.00,1311.00,1338.00,1338.00,1338.00,1338.00
ZZ540,711.00,711.00,711.00,711.00,813.00,894.00,945.00,1053.00,1107.00,909.00,1050.00,1113.00,1206.00,1257.00,1017.00,1095.00,1191.00,861.00,990.00,1128.00,1248.00,1281.00,1335.00,1362.00,1362.00,1362.00,1362.00
ZZ550,726.00,726.00,726.00,726.00,828.00,909.00,963.00,1074.00,1128.00,927.00,1071.00,1131.00,1227.00,1278.00,1038.00,1113.00,1212.00,879.00,1011.00,1149.00,1272.00,1305.00,1359.00,1386.00,1386.00,1386.00,1386.00
ZZ560,738.00,738.00,738.00,738.00,843.00,927.00,981.00,1092.00,1146.00,945.00,1089.00,1152.00,1248.00,1302.00,1056.00,1134.00,1233.00,894.00,1029.00,1170.00,1293.00,1326.00,1383.00,1410.00,1410.00,1410.00,1410.00
ZZ570,753.00,753.00,753.00,753.00,858.00,942.00,999.00,1113.00,1167.00,963.00,1110.00,1173.00,1269.00,1323.00,1074.00,1155.00,1254.00,912.00,1047.00,1191.00,1314.00,1350.00,1407.00,1434.00,1434.00,1434.00,1434.00
ZZ580,765.00,765.00,765.00,765.00,876.00,957.00,1017.00,1131.00,1188.00,978.00,1128.00,1191.00,1290.00,1344.00,1095.00,1173.00,1275.00,927.00,1065.00,1209.00,1338.00,1374.00,1431.00,1458.00,1458.00,1458.00,1458.00
ZZ590,780.00,780.00,780.00,780.00,891.00,975.00,1035.00,1152.00,1206.00,996.00,1149.00,1212.00,1311.00,1368.00,1113.00,1194.00,1299.00,945.00,1083.00,1230.00,1359.00,1395.00,1452.00,1482.00,1482.00,1482.00,1482.00
ZZ600,792.00,792.00,792.00,792.00,906.00,990.00,1053.00,1170.00,1227.00,1014.00,1167.00,1233.00,1332.00,1389.00,1131.00,1215.00,1320.00,960.00,1104.00,1251.00,1383.00,1419.00,1476.00,1506.00,1506.00,1506.00,1506.00
ZZ610,807.00,807.00,807.00,807.00,921.00,1005.00,1068.00,1191.00,1248.00,1032.00,1188.00,1254.00,1353.00,1413.00,1152.00,1233.00,1341.00,978.00,1122.00,1272.00,1404.00,1440.00,1500.00,1530.00,1530.00,1530.00,1530.00
ZZ620,819.00,819.00,819.00,819.00,936.00,1020.00,1086.00,1209.00,1266.00,1050.00,1206.00,1272.00,1377.00,1434.00,1170.00,1254.00,1362.00,993.00,1140.00,1293.00,1425.00,1464.00,1524.00,1554.00,1554.00,1554.00,1554.00
ZZ630,834.00,834.00,834.00,834.00,951.00,1038.00,1104.00,1230.00,1287.00,1065.00,1227.00,1293.00,1398.00,1458.00,1188.00,1275.00,1383.00,1011.00,1158.00,1314.00,1449.00,1488.00,1548.00,1578.00,1578.00,1578.00,1578.00
ZZ640,846.00,846.00,846.00,846.00,969.00,1053.00,1122.00,1248.00,1308.00,1083.00,1245.00,1314.00,1419.00,1479.00,1209.00,1293.00,1404.00,1026.00,1176.00,1332.00,1470.00,1509.00,1572.00,1602.00,1602.00,1602.00,1602.00
ZZ650,861.00,861.00,861.00,861.00,984.00,1068.00,1140.00,1269.00,1329.00,1101.00,1266.00,1335.00,1440.00,1503.00,1227.00,1314.00,1425.00,1044.00,1197.00,1353.00,1494.00,1533.00,1596.00,1626.00,1626.00,1626.00,1626.00
ZZ660,873.00,873.00,873.00,873.00,999.00,1086.00,1158.00,1287.00,1347.00,1119.00,1284.00,1353.00,1461.00,1524.00,1245.00,1335.00,1446.00,1059.00,1215.00,1374.00,1515.00,1554.00,1620.00,1650.00,1650.00,1650.00,1650.00
ZZ670,888.00,888.00,888.00,888.00,1014.00,1101.00,1176.00,1308.00,1368.00,1134.00,1305.00,1374.00,1485.00,1548.00,1266.00,1353.00,1467.00,1077.00,1233.00,1395.00,1539.00,1578.00,1644.00,1677.00,1677.00,1677.00,1677.00
ZZ680,900.00,900.00,900.00,900.00,1029.00,1116.00,1194.00,1326.00,1389.00,1152.00,1323.00,1395.00,1506.00,1569.00,1284.00,1374.00,1488.00,1092.00,1251.00,1416.00,1560.00,1602.00,1665.00,1698.00,1698.00,1698.00,1698.00
ZZ690,915.00,915.00,915.00,915.00,1044.00,1134.00,1212.00,1344.00,1410.00,1170.00,1341.00,1416.00,1527.00,1590.00,1302.00,1395.00,1509.00,1110.00,1269.00,1434.00,1581.00,1623.00,1689.00,1725.00,1725.00,1725.00,1725.00
ZZ700,927.00,927.00,927.00,927.00,1062.00,1149.00,1230.00,1365.00,1428.00,1188.00,1362.00,1434.00,1548.00,1614.00,1323.00,1413.00,1530.00,1125.00,1290.00,1455.00,1605.00,1647.00,1713.00,1749.00,1749.00,1749.00,1749.00
ZZ710,942.00,942.00,942.00,942.00,1077.00,1164.00,1248.00,1383.00,1449.00,1203.00,1380.00,1455.00,1569.00,1635.00,1341.00,1434.00,1554.00,1143.00,1308.00,1476.00,1626.00,1668.00,1737.00,1773.00,1773.00,1773.00,1773.00
ZZ720,954.00,954.00,954.00,954.00,1092.00,1182.00,1266.00,1404.00,1470.00,1221.00,1401.00,1476.00,1590.00,1659.00,1359.00,1455.00,1575.00,1158.00,1326.00,1497.00,1650.00,1692.00,1761.00,1797.00,1797.00,1797.00,1797.00
ZZ730,969.00,969.00,969.00,969.00,1107.00,1197.00,1284.00,1425.00,1491.00,1239.00,1422.00,1497.00,1611.00,1680.00,1380.00,1476.00,1596.00,1176.00,1344.00,1518.00,1671.00,1716.00,1785.00,1821.00,1821.00,1821.00,1821.00
ZZ740,981.00,981.00,981.00,981.00,1122.00,1212.00,1302.00,1443.00,1509.00,1254.00,1440.00,1515.00,1632.00,1704.00,1398.00,1494.00,1617.00,1191.00,1365.00,1539.00,1692.00,1737.00,1809.00,1845.00,1845.00,1845.00,1845.00
ZZ750,996.00,996.00,996.00,996.00,1137.00,1227.00,1320.00,1464.00,1530.00,1272.00,1461.00,1536.00,1656.00,1725.00,1419.00,1515.00,1638.00,1209.00,1383.00,1557.00,1716.00,1761.00,1833.00,1869.00,1869.00,1869.00,1869.00
ZZ760,1011.00,1011.00,1011.00,1011.00,1152.00,1245.00,1338.00,1482.00,1551.00,1290.00,1479.00,1557.00,1677.00,1749.00,1437.00,1536.00,1659.00,1224.00,1401.00,1578.00,1737.00,1782.00,1857.00,1893.00,1893.00,1893.00,1893.00
ZZ770,1023.00,1023.00,1023.00,1023.00,1170.00,1260.00,1356.00,1503.00,1569.00,1308.00,1500.00,1578.00,1698.00,1770.00,1455.00,1554.00,1680.00,1242.00,1419.00,1599.00,1761.00,1806.00,1881.00,1917.00,1917.00,1917.00,1917.00
ZZ780,1038.00,1038.00,1038.00,1038.00,1185.00,1275.00,1374.00,1521.00,1590.00,1326.00,1518.00,1596.00,1719.00,1791.00,1476.00,1575.00,1701.00,1257.00,1437.00,1620.00,1782.00,1827.00,1902.00,1941.00,1941.00,1941.00,1941.00
ZZ790,1050.00,1050.00,1050.00,1050.00,1200.00,1293.00,1392.00,1539.00,1611.00,1341.00,1536.00,1617.00,1740.00,1815.00,1494.00,1593.00,1722.00,1275.00,1458.00,1641.00,1803.00,1851.00,1926.00,1965.00,1965.00,1965.00,1965.00
ZZ800,1065.00,1065.00,1065.00,1065.00,1215.00,1308.00,1407.00,1560.00,1632.00,1359.00,1557.00,1638.00,1764.00,1836.00,1512.00,1614.00,1743.00,1290.00,1476.00,1662.00,1827.00,1875.00,1950.00,1989.00,1989.00,1989.00,1989.00
ZZ810,1077.00,1077.00,1077.00,1077.00,1230.00,1323.00,1425.00,1578.00,1650.00,1377.00,1575.00,1659.00,1785.00,1860.00,1533.00,1635.00,1764.00,1308.00,1494.00,1680.00,1848.00,1896.00,1974.00,2013.00,2013.00,2013.00,2013.00
ZZ820,1092.00,1092.00,1092.00,1092.00,1245.00,1341.00,1443.00,1599.00,1671.00,1395.00,1596.00,1677.00,1806.00,1881.00,1551.00,1653.00,1785.00,1323.00,1512.00,1701.00,1872.00,1920.00,1998.00,2037.00,2037.00,2037.00,2037.00
ZZ830,1104.00,1104.00,1104.00,1104.00,1263.00,1356.00,1461.00,1617.00,1692.00,1410.00,1614.00,1698.00,1827.00,1905.00,1569.00,1674.00,1806.00,1341.00,1530.00,1722.00,1893.00,1941.00,2022.00,2061.00,2061.00,2061.00,2061.00
ZZ840,1119.00,1119.00,1119.00,1119.00,1278.00,1371.00,1479.00,1638.00,1710.00,1428.00,1635.00,1719.00,1848.00,1926.00,1590.00,1695.00,1830.00,1356.00,1548.00,1743.00,1914.00,1965.00,2046.00,2085.00,2085.00,2085.00,2085.00
ZZ850,1131.00,1131.00,1131.00,1131.00,1293.00,1389.00,1497.00,1656.00,1731.00,1446.00,1653.00,1740.00,1869.00,1950.00,1608.00,1713.00,1851.00,1374.00,1569.00,1764.00,1938.00,1989.00,2070.00,2109.00,2109.00,2109.00,2109.00
ZZ860,1146.00,1146.00,1146.00,1146.00,1308.00,1407.00,1515.00,1677.00,1752.00,1464.00,1674.00,1758.00,1890.00,1971.00,1626.00,1734.00,1872.00,1389.00,1587.00,1782.00,1959.00,2010.00,2094.00,2136.00,2136.00,2136.00,2136.00
ZZ870,1158.00,1158.00,1158.00,1158.00,1323.00,1422.00,1533.00,1695.00,1770.00,1479.00,1692.00,1779.00,1911.00,1992.00,1647.00,1755.00,1893.00,1404.00,1605.00,1803.00,1983.00,2034.00,2118.00,2160.00,2160.00,2160.00,2160.00
ZZ880,1173.00,1173.00,1173.00,1173.00,1341.00,1440.00,1551.00,1716.00,1791.00,1497.00,1713.00,1800.00,1932.00,2016.00,1665.00,1773.00,1914.00,1422.00,1623.00,1824.00,2004.00,2055.00,2139.00,2184.00,2184.00,2184.00,2184.00
ZZ890,1185.00,1185.00,1185.00,1185.00,1356.00,1455.00,1569.00,1734.00,1812.00,1515.00,1731.00,1821.00,1956.00,2037.00,1683.00,1794.00,1935.00,1437.00,1641.00,1845.00,2028.00,2079.00,2163.00,2208.00,2208.00,2208.00,2208.00
